// Created by Crowbar 0.74
version 1
nodes
  0 "pelvis" -1
  1 "lean_root" -1
  2 "cam_driver" -1
  3 "spine_0" 0
  4 "spine_1" 3
  5 "spine_2" 4
  6 "spine_3" 5
  7 "neck_0" 6
  8 "head_0" 7
  9 "clavicle_L" 6
  10 "arm_upper_L" 9
  11 "arm_lower_L" 10
  12 "hand_L" 11
  13 "finger_middle_meta_L" 12
  14 "finger_middle_0_L" 13
  15 "finger_middle_1_L" 14
  16 "finger_middle_2_L" 15
  17 "finger_pinky_meta_L" 12
  18 "finger_pinky_0_L" 17
  19 "finger_pinky_1_L" 18
  20 "finger_pinky_2_L" 19
  21 "finger_index_meta_L" 12
  22 "finger_index_0_L" 21
  23 "finger_index_1_L" 22
  24 "finger_index_2_L" 23
  25 "finger_thumb_0_L" 12
  26 "finger_thumb_1_L" 25
  27 "finger_thumb_2_L" 26
  28 "finger_ring_meta_L" 12
  29 "finger_ring_0_L" 28
  30 "finger_ring_1_L" 29
  31 "finger_ring_2_L" 30
  32 "weapon_hand_L" 12
  33 "arm_lower_L_TWIST" 11
  34 "arm_lower_L_TWIST1" 11
  35 "arm_upper_L_TWIST" 10
  36 "arm_upper_L_TWIST1" 10
  37 "clavicle_R" 6
  38 "arm_upper_R" 37
  39 "arm_lower_R" 38
  40 "hand_R" 39
  41 "finger_middle_meta_R" 40
  42 "finger_middle_0_R" 41
  43 "finger_middle_1_R" 42
  44 "finger_middle_2_R" 43
  45 "finger_pinky_meta_R" 40
  46 "finger_pinky_0_R" 45
  47 "finger_pinky_1_R" 46
  48 "finger_pinky_2_R" 47
  49 "finger_index_meta_R" 40
  50 "finger_index_0_R" 49
  51 "finger_index_1_R" 50
  52 "finger_index_2_R" 51
  53 "finger_thumb_0_R" 40
  54 "finger_thumb_1_R" 53
  55 "finger_thumb_2_R" 54
  56 "finger_ring_meta_R" 40
  57 "finger_ring_0_R" 56
  58 "finger_ring_1_R" 57
  59 "finger_ring_2_R" 58
  60 "weapon_hand_R" 40
  61 "arm_lower_R_TWIST" 39
  62 "arm_lower_R_TWIST1" 39
  63 "arm_upper_R_TWIST" 38
  64 "arm_upper_R_TWIST1" 38
  65 "leg_upper_L" 0
  66 "leg_lower_L" 65
  67 "ankle_L" 66
  68 "ball_L" 67
  69 "leg_upper_L_TWIST" 65
  70 "leg_upper_L_TWIST1" 65
  71 "leg_upper_R" 0
  72 "leg_lower_R" 71
  73 "ankle_R" 72
  74 "ball_R" 73
  75 "leg_upper_R_TWIST" 71
  76 "leg_upper_R_TWIST1" 71
  77 "lfoot_lock" 68
  78 "rfoot_lock" 74
  79 "lh_ik_driver" 12
  80 "ValveBiped.weapon_bone" 40
  81 "ValveBiped.weapon_bone" 40
  82 "ValveBiped.weapon_bone" 40
  83 "ValveBiped.weapon_bone" 40
  84 "ValveBiped.weapon_bone" 40
end
skeleton
  time 0
    0 5.023438 1.126953 39.250000 1.382764 -1.389972 0.984719
    1 0.000000 0.000000 0.000000 0.000000 0.000000 -1.570796
    2 0.000000 0.000000 64.000000 0.000000 0.000000 -1.570796
    3 0.934204 0.090506 0.000000 -0.048616 -0.133492 0.247665
    4 4.011719 0.000000 0.000000 -0.143449 -0.091514 0.332456
    5 4.343750 0.000004 0.000002 -0.190141 -0.362789 0.256668
    6 6.406250 0.000000 0.000000 0.041726 -0.094507 0.150352
    7 6.324219 -0.000019 -0.000002 -0.089022 -0.094424 0.390344
    8 5.207031 0.766113 0.552246 0.641964 -0.125621 -0.351322
    9 4.311546 3.005295 1.270492 2.077327 -1.103490 -2.164612
    10 6.665431 -0.000001 0.000004 0.130883 -0.957111 0.514264
    11 11.596657 0.000000 0.000004 0.000000 0.000000 1.322483
    12 11.486958 0.000000 0.000000 -0.058169 0.112929 -0.093157
    13 0.807848 0.015446 -0.224507 0.103565 -0.098441 -0.078206
    14 3.265085 0.000000 0.000000 -0.180694 0.031757 1.172042
    15 2.075729 0.000000 0.000000 -0.037863 0.012267 0.855768
    16 1.413418 0.000000 0.000000 -0.048198 0.001442 0.138137
    17 0.562845 0.124916 0.989242 -0.054718 -0.294666 0.071237
    18 2.704880 0.000004 0.000000 -0.086873 0.005609 1.048864
    19 1.511139 0.000000 0.000000 -0.083678 -0.095488 0.628032
    20 0.872662 -0.000002 0.000000 -0.072829 -0.080268 0.497547
    21 0.802790 0.214909 -0.873657 0.211404 0.053247 -0.065452
    22 3.290375 -0.000008 -0.000001 -0.373132 0.119702 0.893827
    23 1.995686 0.000002 0.000000 0.002895 0.008978 0.726707
    24 1.269020 0.000002 0.000000 0.008769 0.005102 0.403537
    25 1.423082 0.741592 -1.176399 1.715642 0.916368 0.413481
    26 1.698860 0.000000 -0.000002 0.001898 -0.012122 0.093536
    27 1.566334 0.000003 0.000004 -0.003043 0.021998 -0.173722
    28 0.711742 0.057613 0.410461 0.066852 -0.215308 -0.019739
    29 2.987720 0.000004 0.000000 0.013390 0.130569 1.288385
    30 1.910923 0.000002 0.000000 -0.062444 0.032485 0.674935
    31 1.280708 0.000000 0.000000 -0.069046 -0.016943 0.011250
    32 2.790770 1.123615 0.295328 0.000000 0.000000 -3.141593
    33 3.828991 -0.000002 -0.000004 -0.207245 0.000000 0.000000
    34 7.657978 -0.000001 -0.000004 -0.414492 0.000000 0.000000
    35 3.865551 0.000000 0.000000 0.176987 0.000000 0.000000
    36 7.731106 0.000005 0.000000 0.088494 0.000000 0.000000
    37 4.311554 3.005295 -1.270490 2.368157 -1.439751 1.676779
    38 -6.304688 0.000000 0.000001 3.078016 0.122662 -2.115672
    39 11.596647 -0.000001 0.000000 -1.570802 0.000009 -1.708830
    40 11.486992 0.000004 0.000000 2.560988 -0.173941 -2.765177
    41 -0.807779 -0.015434 0.224528 0.103566 -0.098441 -0.078206
    42 -3.265091 -0.000004 -0.000001 -0.170781 -0.188930 1.010543
    43 -2.075771 0.000034 -0.000016 -0.046033 0.038116 1.268074
    44 -1.413406 0.000010 -0.000004 -0.044685 0.006423 0.808168
    45 -0.562851 -0.124878 -0.989245 -0.013803 -0.343873 0.088648
    46 -2.704903 -0.000004 0.000000 0.105507 0.022759 1.055142
    47 -1.511091 -0.000008 -0.000013 -0.139480 0.014747 1.094043
    48 -0.872673 -0.000025 0.000009 -0.070449 -0.079034 0.436606
    49 -0.802757 -0.214920 0.873666 0.193559 0.035298 0.033584
    50 -3.290358 0.000015 0.000001 -0.180409 -0.186351 0.136153
    51 -1.995712 0.000071 -0.000041 0.386843 -0.045875 0.826683
    52 -1.268997 -0.000080 0.000054 0.086636 0.133920 0.568307
    53 -1.423065 -0.741619 1.176403 1.691379 0.076589 0.937903
    54 -1.698807 0.000021 -0.000074 -0.058390 -0.109690 1.012368
    55 -1.566315 0.000017 0.000042 -0.099188 -0.123330 1.343007
    56 -0.711685 -0.057610 -0.410448 0.066853 -0.215308 -0.019739
    57 -2.987783 0.000034 -0.000010 0.037273 0.024832 1.166403
    58 -1.910938 -0.000069 0.000009 -0.048604 0.070516 1.232833
    59 -1.280685 0.000078 -0.000007 -0.082046 0.015162 0.515935
    60 -3.123047 -1.641602 -0.148193 -0.179602 0.169534 3.112162
    61 3.828999 0.000004 0.000002 1.318429 -0.001551 -3.139590
    62 7.658009 0.000004 0.000000 1.066063 0.001206 3.139549
    63 3.865543 -0.000002 0.000004 2.303304 -0.003264 -3.140138
    64 7.731091 -0.000004 0.000008 2.722448 -0.002294 -3.141105
    65 -3.771385 0.913481 3.694230 -0.250443 -0.343588 2.903350
    66 17.902937 -0.000001 0.000000 0.000000 0.000000 0.573542
    67 16.937243 0.000000 0.000001 3.014278 0.206244 -1.158971
    68 6.329629 -0.000003 0.000000 0.000000 0.000000 0.500448
    69 5.967648 0.000002 0.000000 0.031970 0.000000 0.000000
    70 11.935293 0.000001 0.000000 0.015986 0.000000 0.000000
    71 -3.771435 0.913481 -3.694230 1.818625 0.406051 -3.134674
    72 17.902927 0.000000 0.000000 0.000000 0.635304 0.000000
    73 16.937195 0.000000 0.000000 -1.991161 1.403858 3.058578
    74 -6.329633 -0.000003 0.000002 0.000000 0.000000 0.500448
    75 5.967648 0.000001 0.000000 1.475056 -0.001847 -3.139560
    76 11.935293 -0.000001 0.000000 1.522923 -0.002462 -3.139009
    77 0.000000 1.000000 -0.000001 0.000000 0.000000 0.000000
    78 0.000000 1.000000 0.000000 0.000000 0.000000 0.000000
    79 1.000000 0.000000 0.000000 0.000000 0.000000 0.000000
    80 -4.440264 -6.353600 -5.421589 -0.130881 0.227548 2.823843
    81 -4.440269 -6.353603 -5.421588 -0.130881 0.227548 2.823843
    82 -4.440266 -6.353603 -5.421586 -0.130881 0.227548 2.823843
    83 -4.440262 -6.353600 -5.421586 -0.130881 0.227548 2.823843
    84 -6.999998 -2.000000 2.500000 1.919862 0.000000 -1.570796
end
