// Created by Crowbar 0.74
version 1
nodes
  0 "pelvis" -1
  1 "lean_root" -1
  2 "cam_driver" -1
  3 "spine_0" 0
  4 "spine_1" 3
  5 "spine_2" 4
  6 "spine_3" 5
  7 "neck_0" 6
  8 "head_0" 7
  9 "clavicle_L" 6
  10 "arm_upper_L" 9
  11 "arm_lower_L" 10
  12 "hand_L" 11
  13 "finger_middle_meta_L" 12
  14 "finger_middle_0_L" 13
  15 "finger_middle_1_L" 14
  16 "finger_middle_2_L" 15
  17 "finger_pinky_meta_L" 12
  18 "finger_pinky_0_L" 17
  19 "finger_pinky_1_L" 18
  20 "finger_pinky_2_L" 19
  21 "finger_index_meta_L" 12
  22 "finger_index_0_L" 21
  23 "finger_index_1_L" 22
  24 "finger_index_2_L" 23
  25 "finger_thumb_0_L" 12
  26 "finger_thumb_1_L" 25
  27 "finger_thumb_2_L" 26
  28 "finger_ring_meta_L" 12
  29 "finger_ring_0_L" 28
  30 "finger_ring_1_L" 29
  31 "finger_ring_2_L" 30
  32 "weapon_hand_L" 12
  33 "arm_lower_L_TWIST" 11
  34 "arm_lower_L_TWIST1" 11
  35 "arm_upper_L_TWIST" 10
  36 "arm_upper_L_TWIST1" 10
  37 "clavicle_R" 6
  38 "arm_upper_R" 37
  39 "arm_lower_R" 38
  40 "hand_R" 39
  41 "finger_middle_meta_R" 40
  42 "finger_middle_0_R" 41
  43 "finger_middle_1_R" 42
  44 "finger_middle_2_R" 43
  45 "finger_pinky_meta_R" 40
  46 "finger_pinky_0_R" 45
  47 "finger_pinky_1_R" 46
  48 "finger_pinky_2_R" 47
  49 "finger_index_meta_R" 40
  50 "finger_index_0_R" 49
  51 "finger_index_1_R" 50
  52 "finger_index_2_R" 51
  53 "finger_thumb_0_R" 40
  54 "finger_thumb_1_R" 53
  55 "finger_thumb_2_R" 54
  56 "finger_ring_meta_R" 40
  57 "finger_ring_0_R" 56
  58 "finger_ring_1_R" 57
  59 "finger_ring_2_R" 58
  60 "weapon_hand_R" 40
  61 "arm_lower_R_TWIST" 39
  62 "arm_lower_R_TWIST1" 39
  63 "arm_upper_R_TWIST" 38
  64 "arm_upper_R_TWIST1" 38
  65 "leg_upper_L" 0
  66 "leg_lower_L" 65
  67 "ankle_L" 66
  68 "ball_L" 67
  69 "leg_upper_L_TWIST" 65
  70 "leg_upper_L_TWIST1" 65
  71 "leg_upper_R" 0
  72 "leg_lower_R" 71
  73 "ankle_R" 72
  74 "ball_R" 73
  75 "leg_upper_R_TWIST" 71
  76 "leg_upper_R_TWIST1" 71
  77 "lfoot_lock" 68
  78 "rfoot_lock" 74
  79 "lh_ik_driver" 12
  80 "ValveBiped.weapon_bone" 40
  81 "ValveBiped.weapon_bone" 40
  82 "ValveBiped.weapon_bone" 40
  83 "ValveBiped.weapon_bone" 40
  84 "ValveBiped.weapon_bone" 40
end
skeleton
  time 0
    0 1.157227 3.302734 29.859375 0.402964 -1.442751 -3.670321
    1 0.000000 0.000000 0.000000 0.000000 0.000000 -1.570796
    2 0.000000 0.000000 64.000000 0.000000 0.000000 -1.570796
    3 0.810059 0.473633 0.000000 0.006106 0.087875 0.399047
    4 3.798828 0.000000 0.000000 0.125860 -0.078414 0.097909
    5 4.378906 0.000001 0.000000 0.132059 -0.086099 0.293685
    6 5.968750 -0.000002 0.000000 0.113034 -0.190166 0.160388
    7 6.277344 -0.000015 0.000000 -0.036289 -0.088607 0.154885
    8 4.328125 -0.389160 0.402588 0.540823 -0.217558 -0.526359
    9 4.311546 3.005295 1.270492 1.558572 -1.101942 -2.150882
    10 6.665431 -0.000001 0.000004 -0.807021 -0.917541 1.527996
    11 11.596657 0.000000 0.000004 0.000000 0.000000 1.276970
    12 11.486958 0.000000 0.000000 -0.299373 -0.225817 -0.256900
    13 0.807848 0.015446 -0.224507 0.103565 -0.098441 -0.078206
    14 3.265085 0.000000 0.000000 -0.180694 0.031757 1.172042
    15 2.075729 0.000000 0.000000 -0.037863 0.012267 0.855768
    16 1.413418 0.000000 0.000000 -0.048198 0.001442 0.138137
    17 0.562845 0.124916 0.989242 -0.054718 -0.294666 0.071237
    18 2.704880 0.000004 0.000000 -0.086875 0.005610 1.048864
    19 1.511139 0.000000 0.000000 -0.083678 -0.095488 0.628032
    20 0.872662 -0.000002 0.000000 -0.072829 -0.080268 0.497549
    21 0.802790 0.214909 -0.873657 0.211404 0.053247 -0.065452
    22 3.290375 -0.000008 -0.000001 -0.373132 0.119702 0.893827
    23 1.995686 0.000002 0.000000 0.002895 0.008978 0.726707
    24 1.269020 0.000002 0.000000 0.008769 0.005102 0.403537
    25 1.423082 0.741592 -1.176399 1.715638 0.916368 0.413479
    26 1.698860 0.000000 -0.000002 0.001898 -0.012122 0.093536
    27 1.566334 0.000003 0.000004 -0.003043 0.021998 -0.173722
    28 0.711742 0.057613 0.410461 0.066852 -0.215308 -0.019739
    29 2.987720 0.000004 0.000000 0.013388 0.130570 1.288385
    30 1.910923 0.000002 0.000000 -0.062444 0.032485 0.674935
    31 1.280708 0.000000 0.000000 -0.069046 -0.016943 0.011250
    32 2.790770 1.123615 0.295328 0.000000 0.000000 -3.141593
    33 3.828991 -0.000002 -0.000004 -0.938047 0.000000 0.000000
    34 7.657978 -0.000001 -0.000004 -1.876094 0.000000 0.000000
    35 3.865551 0.000000 0.000000 1.185231 0.000000 0.000000
    36 7.731106 0.000005 0.000000 0.592616 0.000000 0.000000
    37 4.311554 3.005295 -1.270490 1.620544 -0.947912 1.295558
    38 -6.665440 -0.000003 -0.000004 3.087719 0.674835 -1.812048
    39 11.596647 -0.000001 0.000000 -1.570803 0.000009 -1.772547
    40 11.486992 0.000004 0.000000 2.598370 -0.193065 -2.781464
    41 -0.807779 -0.015434 0.224528 0.103566 -0.098441 -0.078206
    42 -3.265091 -0.000004 -0.000001 -0.170781 -0.188930 1.010543
    43 -2.075771 0.000034 -0.000016 -0.046033 0.038116 1.268074
    44 -1.413406 0.000010 -0.000004 -0.044686 0.006421 0.808168
    45 -0.562851 -0.124878 -0.989245 -0.013515 -0.278702 0.087713
    46 -2.704903 -0.000004 0.000000 -0.201221 -0.155991 1.059831
    47 -1.511091 -0.000008 -0.000013 -0.137246 0.008342 1.286633
    48 -0.872673 -0.000025 0.000009 -0.070449 -0.079034 0.436606
    49 -0.802757 -0.214920 0.873666 0.193455 0.013560 0.029322
    50 -3.290358 0.000015 0.000001 -0.180409 -0.186351 0.136153
    51 -1.995712 0.000071 -0.000041 0.206142 -0.103473 0.800604
    52 -1.268997 -0.000080 0.000054 0.086636 0.133920 0.568307
    53 -1.423065 -0.741619 1.176403 1.829415 -0.131083 1.077375
    54 -1.698807 0.000021 -0.000074 -0.031114 -0.087004 0.736276
    55 -1.566315 0.000017 0.000042 -0.035421 -0.086739 0.752657
    56 -0.711685 -0.057610 -0.410448 0.066853 -0.215308 -0.019739
    57 -2.987783 0.000034 -0.000010 0.040869 0.020035 1.326313
    58 -1.910938 -0.000069 0.000009 -0.048604 0.070516 1.232833
    59 -1.280685 0.000078 -0.000007 -0.082046 0.015162 0.515935
    60 -3.123047 -1.641602 -0.148193 -0.179602 0.169534 3.112162
    61 3.828999 0.000004 0.000002 1.337066 -0.001693 -3.139449
    62 7.658009 0.000004 0.000000 1.103338 -0.001367 -3.139371
    63 3.865543 -0.000002 0.000004 -2.966501 -0.002461 3.141377
    64 7.731091 -0.000004 0.000008 -3.054048 -0.002912 3.141465
    65 -3.771385 0.913481 3.694230 0.180654 -0.023173 1.982772
    66 17.902937 -0.000001 0.000000 0.000000 0.000000 1.210565
    67 16.937243 0.000000 0.000001 3.014601 0.377624 -1.150902
    68 6.329629 -0.000003 0.000000 -0.000049 0.000156 0.393578
    69 5.967648 0.000002 0.000000 -0.105722 0.000000 0.000000
    70 11.935293 0.000001 0.000000 -0.052861 0.000000 0.000000
    71 -3.771435 0.913481 -3.694230 1.828067 0.614886 2.767382
    72 17.902927 0.000000 0.000000 3.141591 1.472897 -3.141591
    73 16.937195 0.000000 0.000000 1.603092 1.050667 0.662438
    74 -6.329633 -0.000003 0.000002 -0.000100 0.000689 0.363193
    75 5.967648 0.000001 0.000000 1.647106 0.002270 3.139489
    76 11.935293 -0.000001 0.000000 1.608949 0.002512 3.139175
    77 0.000000 1.000000 0.000000 0.000000 0.000000 0.000000
    78 0.000000 1.000000 0.000000 0.000000 0.000000 0.000000
    79 1.000000 0.000000 0.000000 0.000000 0.000000 0.000000
    80 -4.440264 -6.353600 -5.421589 -0.130881 0.227548 2.823843
    81 -4.440269 -6.353603 -5.421588 -0.130881 0.227548 2.823843
    82 -4.440266 -6.353603 -5.421586 -0.130881 0.227548 2.823843
    83 -4.440262 -6.353600 -5.421586 -0.130881 0.227548 2.823843
    84 -6.999998 -2.000000 2.500000 1.919862 0.000000 -1.570796
end
