// Created by Crowbar 0.74
version 1
nodes
  0 "pelvis" -1
  1 "lean_root" -1
  2 "cam_driver" -1
  3 "spine_0" 0
  4 "spine_1" 3
  5 "spine_2" 4
  6 "spine_3" 5
  7 "neck_0" 6
  8 "head_0" 7
  9 "clavicle_L" 6
  10 "arm_upper_L" 9
  11 "arm_lower_L" 10
  12 "hand_L" 11
  13 "finger_middle_meta_L" 12
  14 "finger_middle_0_L" 13
  15 "finger_middle_1_L" 14
  16 "finger_middle_2_L" 15
  17 "finger_pinky_meta_L" 12
  18 "finger_pinky_0_L" 17
  19 "finger_pinky_1_L" 18
  20 "finger_pinky_2_L" 19
  21 "finger_index_meta_L" 12
  22 "finger_index_0_L" 21
  23 "finger_index_1_L" 22
  24 "finger_index_2_L" 23
  25 "finger_thumb_0_L" 12
  26 "finger_thumb_1_L" 25
  27 "finger_thumb_2_L" 26
  28 "finger_ring_meta_L" 12
  29 "finger_ring_0_L" 28
  30 "finger_ring_1_L" 29
  31 "finger_ring_2_L" 30
  32 "weapon_hand_L" 12
  33 "arm_lower_L_TWIST" 11
  34 "arm_lower_L_TWIST1" 11
  35 "arm_upper_L_TWIST" 10
  36 "arm_upper_L_TWIST1" 10
  37 "clavicle_R" 6
  38 "arm_upper_R" 37
  39 "arm_lower_R" 38
  40 "hand_R" 39
  41 "finger_middle_meta_R" 40
  42 "finger_middle_0_R" 41
  43 "finger_middle_1_R" 42
  44 "finger_middle_2_R" 43
  45 "finger_pinky_meta_R" 40
  46 "finger_pinky_0_R" 45
  47 "finger_pinky_1_R" 46
  48 "finger_pinky_2_R" 47
  49 "finger_index_meta_R" 40
  50 "finger_index_0_R" 49
  51 "finger_index_1_R" 50
  52 "finger_index_2_R" 51
  53 "finger_thumb_0_R" 40
  54 "finger_thumb_1_R" 53
  55 "finger_thumb_2_R" 54
  56 "finger_ring_meta_R" 40
  57 "finger_ring_0_R" 56
  58 "finger_ring_1_R" 57
  59 "finger_ring_2_R" 58
  60 "weapon_hand_R" 40
  61 "arm_lower_R_TWIST" 39
  62 "arm_lower_R_TWIST1" 39
  63 "arm_upper_R_TWIST" 38
  64 "arm_upper_R_TWIST1" 38
  65 "leg_upper_L" 0
  66 "leg_lower_L" 65
  67 "ankle_L" 66
  68 "ball_L" 67
  69 "leg_upper_L_TWIST" 65
  70 "leg_upper_L_TWIST1" 65
  71 "leg_upper_R" 0
  72 "leg_lower_R" 71
  73 "ankle_R" 72
  74 "ball_R" 73
  75 "leg_upper_R_TWIST" 71
  76 "leg_upper_R_TWIST1" 71
  77 "lfoot_lock" 68
  78 "rfoot_lock" 74
  79 "lh_ik_driver" 12
  80 "ValveBiped.weapon_bone" 40
  81 "ValveBiped.weapon_bone" 40
  82 "ValveBiped.weapon_bone" 40
  83 "ValveBiped.weapon_bone" 40
  84 "ValveBiped.weapon_bone" 40
end
skeleton
  time 0
    0 7.171875 0.505859 38.562500 -1.276127 -1.547290 -2.684828
    1 0.000000 0.000000 0.000000 0.000000 0.000000 -1.570796
    2 0.000000 0.000000 64.000000 0.000000 0.000000 -1.570796
    3 0.934204 0.090506 0.000000 -0.016553 -0.038562 0.302772
    4 3.945313 0.000004 0.000000 -0.003675 0.036981 0.284315
    5 4.613281 0.000002 0.000002 -0.025241 0.156038 0.115712
    6 6.984375 0.000000 0.000001 -0.096676 -0.208486 0.410842
    7 6.535156 -0.000019 0.000002 -0.006051 -0.022701 0.247635
    8 4.890625 0.017181 0.113831 -0.110768 0.087688 -0.295004
    9 4.311546 3.005295 1.270492 1.483300 -1.319784 -1.932425
    10 6.665431 -0.000001 0.000004 -0.192717 -1.086405 0.910030
    11 11.596657 0.000000 0.000004 0.000000 0.000000 1.341401
    12 11.486958 0.000000 0.000000 2.452730 -0.056150 0.208435
    13 0.807848 0.015446 -0.224507 0.111225 -0.091718 -0.133828
    14 3.265085 0.000000 0.000000 -0.056394 0.087910 1.452480
    15 2.075729 0.000000 0.000000 0.168847 0.108065 1.598842
    16 1.413418 0.000000 0.000000 -0.022239 -0.028679 1.800411
    17 0.562845 0.124916 0.989242 0.018752 -0.261748 0.105495
    18 2.704880 0.000004 0.000000 -0.152670 0.232320 1.221265
    19 1.511139 0.000000 0.000000 -0.337640 -0.056190 1.935553
    20 0.872662 -0.000002 0.000000 -0.159360 -0.172108 1.425041
    21 0.802790 0.214909 -0.873657 0.171047 -0.011875 -0.211211
    22 3.290375 -0.000008 -0.000001 -0.087440 0.094697 1.011426
    23 1.995686 0.000002 0.000000 0.024368 0.010651 1.935019
    24 1.269020 0.000002 0.000000 -0.072949 -0.246953 1.701145
    25 1.423082 0.741592 -1.176399 1.207212 0.463900 0.224232
    26 1.698860 0.000000 -0.000002 0.218469 -0.578613 0.584733
    27 1.566334 0.000003 0.000004 0.189650 0.267912 -0.266423
    28 0.711742 0.057613 0.410461 0.093496 -0.165395 -0.046544
    29 2.987720 0.000004 0.000000 -0.091832 0.152511 1.358821
    30 1.910923 0.000002 0.000000 0.007059 0.008898 1.596969
    31 1.280708 0.000000 0.000000 0.017259 0.007515 1.734728
    32 2.790770 1.123615 0.295328 0.000000 0.000000 -3.141593
    33 3.828991 -0.000002 -0.000004 0.477209 0.000000 0.000000
    34 7.657978 -0.000001 -0.000004 0.954418 0.000000 0.000000
    35 3.865551 0.000000 0.000000 0.417985 0.000000 0.000000
    36 7.731106 0.000005 0.000000 0.208992 0.000000 0.000000
    37 4.311554 3.005295 -1.270490 1.324882 -1.108100 1.581355
    38 -6.665440 -0.000003 -0.000004 -2.437577 1.139105 -2.068370
    39 11.596647 -0.000001 0.000000 -1.570800 0.000010 -1.505983
    40 11.486992 0.000004 0.000000 -2.925158 -0.051280 -3.111792
    41 -0.807779 -0.015434 0.224528 0.130944 -0.092493 -0.156725
    42 -3.265091 -0.000004 -0.000001 -0.001582 -0.082971 1.345796
    43 -2.075771 0.000034 -0.000016 0.010063 -0.000677 1.686919
    44 -1.413406 0.000010 -0.000004 -0.020956 0.138367 0.360836
    45 -0.562851 -0.124878 -0.989245 0.051897 -0.333447 -0.042528
    46 -2.611328 0.000015 -0.000002 -0.176428 0.071058 1.397532
    47 -1.511091 -0.000008 -0.000013 -0.088191 -0.153366 1.503163
    48 -0.872673 -0.000025 0.000009 -0.014742 -0.076433 0.368296
    49 -0.802757 -0.214920 0.873666 0.211404 0.053247 -0.065452
    50 -3.290358 0.000015 0.000001 -0.141689 -0.231909 1.126436
    51 -1.995712 0.000071 -0.000041 0.094592 -0.051379 1.776788
    52 -1.268997 -0.000080 0.000054 -0.007411 -0.029155 0.339886
    53 -1.423065 -0.741619 1.176403 1.896560 0.278450 0.573211
    54 -1.698807 0.000021 -0.000074 0.091636 -0.181253 0.553430
    55 -1.566315 0.000017 0.000042 0.191277 -0.305061 0.410076
    56 -0.711685 -0.057610 -0.410448 0.103737 -0.211861 -0.099873
    57 -2.987783 0.000034 -0.000010 -0.093016 -0.045194 1.320385
    58 -1.910938 -0.000069 0.000009 0.007642 0.009025 1.662320
    59 -1.280685 0.000078 -0.000007 0.003480 0.011090 0.459930
    60 -3.988281 -1.049805 1.364258 -0.039953 0.553914 3.087680
    61 3.828999 0.000004 0.000002 1.710965 -0.002229 -3.139656
    62 7.658009 0.000004 0.000000 1.851136 -0.001894 -3.140167
    63 3.865543 -0.000002 0.000004 -2.472268 -0.002814 3.140614
    64 7.731091 -0.000004 0.000008 -2.806931 -0.002628 3.141149
    65 -3.771385 0.913481 3.694230 -0.431925 -0.431700 2.588734
    66 17.902937 -0.000001 0.000000 0.000000 0.000000 0.773447
    67 16.937243 0.000000 0.000001 3.105973 0.265415 -1.203260
    68 6.329629 -0.000003 0.000000 0.000000 0.000000 0.500448
    69 5.967648 0.000002 0.000000 0.345777 0.000000 0.000000
    70 11.935293 0.000001 0.000000 0.172887 0.000000 0.000000
    71 -3.771435 0.913481 -3.694230 1.788419 0.443586 2.843199
    72 17.902927 0.000000 0.000000 0.000000 0.674421 0.000000
    73 16.937195 0.000000 0.000000 -1.768916 1.334170 -2.985317
    74 -6.329633 -0.000003 0.000002 0.000000 0.000000 0.500448
    75 5.967648 0.000001 0.000000 1.585874 -0.002314 -3.139314
    76 11.935293 -0.000001 0.000000 1.578335 -0.002064 -3.139544
    77 0.000000 1.000000 0.000000 0.000000 0.000000 0.000000
    78 0.000000 1.000000 0.000000 0.000000 0.000000 0.000000
    79 1.000000 0.000000 0.000000 0.000000 0.000000 0.000000
    80 -4.440264 -6.353600 -5.421589 -0.130881 0.227548 2.823843
    81 -4.440269 -6.353603 -5.421588 -0.130881 0.227548 2.823843
    82 -4.440266 -6.353603 -5.421586 -0.130881 0.227548 2.823843
    83 -4.440262 -6.353600 -5.421586 -0.130881 0.227548 2.823843
    84 -6.999998 -2.000000 2.500000 1.919862 0.000000 -1.570796
end
