// Created by Crowbar 0.74
version 1
nodes
  0 "pelvis" -1
  1 "lean_root" -1
  2 "cam_driver" -1
  3 "spine_0" 0
  4 "spine_1" 3
  5 "spine_2" 4
  6 "spine_3" 5
  7 "neck_0" 6
  8 "head_0" 7
  9 "clavicle_L" 6
  10 "arm_upper_L" 9
  11 "arm_lower_L" 10
  12 "hand_L" 11
  13 "finger_middle_meta_L" 12
  14 "finger_middle_0_L" 13
  15 "finger_middle_1_L" 14
  16 "finger_middle_2_L" 15
  17 "finger_pinky_meta_L" 12
  18 "finger_pinky_0_L" 17
  19 "finger_pinky_1_L" 18
  20 "finger_pinky_2_L" 19
  21 "finger_index_meta_L" 12
  22 "finger_index_0_L" 21
  23 "finger_index_1_L" 22
  24 "finger_index_2_L" 23
  25 "finger_thumb_0_L" 12
  26 "finger_thumb_1_L" 25
  27 "finger_thumb_2_L" 26
  28 "finger_ring_meta_L" 12
  29 "finger_ring_0_L" 28
  30 "finger_ring_1_L" 29
  31 "finger_ring_2_L" 30
  32 "weapon_hand_L" 12
  33 "arm_lower_L_TWIST" 11
  34 "arm_lower_L_TWIST1" 11
  35 "arm_upper_L_TWIST" 10
  36 "arm_upper_L_TWIST1" 10
  37 "clavicle_R" 6
  38 "arm_upper_R" 37
  39 "arm_lower_R" 38
  40 "hand_R" 39
  41 "finger_middle_meta_R" 40
  42 "finger_middle_0_R" 41
  43 "finger_middle_1_R" 42
  44 "finger_middle_2_R" 43
  45 "finger_pinky_meta_R" 40
  46 "finger_pinky_0_R" 45
  47 "finger_pinky_1_R" 46
  48 "finger_pinky_2_R" 47
  49 "finger_index_meta_R" 40
  50 "finger_index_0_R" 49
  51 "finger_index_1_R" 50
  52 "finger_index_2_R" 51
  53 "finger_thumb_0_R" 40
  54 "finger_thumb_1_R" 53
  55 "finger_thumb_2_R" 54
  56 "finger_ring_meta_R" 40
  57 "finger_ring_0_R" 56
  58 "finger_ring_1_R" 57
  59 "finger_ring_2_R" 58
  60 "weapon_hand_R" 40
  61 "arm_lower_R_TWIST" 39
  62 "arm_lower_R_TWIST1" 39
  63 "arm_upper_R_TWIST" 38
  64 "arm_upper_R_TWIST1" 38
  65 "leg_upper_L" 0
  66 "leg_lower_L" 65
  67 "ankle_L" 66
  68 "ball_L" 67
  69 "leg_upper_L_TWIST" 65
  70 "leg_upper_L_TWIST1" 65
  71 "leg_upper_R" 0
  72 "leg_lower_R" 71
  73 "ankle_R" 72
  74 "ball_R" 73
  75 "leg_upper_R_TWIST" 71
  76 "leg_upper_R_TWIST1" 71
  77 "lfoot_lock" 68
  78 "rfoot_lock" 74
  79 "lh_ik_driver" 12
  80 "ValveBiped.weapon_bone" 40
  81 "ValveBiped.weapon_bone" 40
  82 "ValveBiped.weapon_bone" 40
  83 "ValveBiped.weapon_bone" 40
  84 "ValveBiped.weapon_bone" 40
end
skeleton
  time 0
    0 6.003906 0.229736 39.437500 1.327238 -1.460161 1.250345
    1 0.000000 0.000000 0.000000 0.000000 0.000000 -1.570796
    2 0.000000 0.000000 64.000000 0.000000 0.000000 -1.570796
    3 0.934204 0.090506 0.000000 0.014723 0.062911 0.127239
    4 3.927734 0.000000 0.000000 -0.033390 -0.022113 0.121502
    5 4.578125 -0.000001 0.000000 -0.026181 0.005358 0.104351
    6 6.816406 -0.000001 0.000001 -0.032251 -0.123797 0.414503
    7 6.523438 -0.000019 0.000000 -0.039384 -0.098051 0.243510
    8 5.031250 -0.005676 0.515625 0.458803 0.106122 -0.731842
    9 4.311546 3.005295 1.270492 1.289464 -1.260881 -1.961112
    10 6.665431 -0.000001 0.000004 -0.460447 -0.777031 0.870343
    11 11.596657 0.000000 0.000004 0.000000 0.000000 1.273746
    12 11.486958 0.000000 0.000000 1.997691 0.184740 0.146563
    13 0.807848 0.015446 -0.224507 0.078566 -0.098803 -0.187319
    14 3.265085 0.000000 0.000000 -0.164550 -0.023612 0.215302
    15 2.075729 0.000000 0.000000 -0.029296 0.036078 0.010446
    16 1.413418 0.000000 0.000000 -0.003156 0.015420 -0.126593
    17 0.562845 0.124916 0.989242 -0.089839 -0.262505 -0.033042
    18 2.704880 0.000004 0.000000 -0.270605 0.070375 0.384404
    19 1.511139 0.000000 0.000000 -0.022113 -0.091655 0.322009
    20 0.872662 -0.000002 0.000000 0.001683 -0.021207 0.035020
    21 0.802790 0.214909 -0.873657 0.253083 0.006364 -0.194968
    22 3.290375 -0.000008 -0.000001 -0.051787 -0.110067 0.278720
    23 1.995686 0.000002 0.000000 -0.002114 0.003811 -0.206930
    24 1.269020 0.000002 0.000000 0.008421 -0.038593 -0.118952
    25 1.423082 0.741592 -1.176399 1.479094 0.548420 0.577751
    26 1.698860 0.000000 -0.000002 -0.015385 -0.153691 0.382163
    27 1.566334 0.000003 0.000004 -0.007485 0.047020 -0.021978
    28 0.711742 0.057613 0.410461 0.081026 -0.201292 -0.157892
    29 2.987720 0.000004 0.000000 -0.180742 0.098728 0.254968
    30 1.910923 0.000002 0.000000 0.000127 0.000947 0.369864
    31 1.280708 0.000000 0.000000 -0.001582 0.007207 -0.080318
    32 2.790770 1.123615 0.295328 0.000000 0.000000 -3.141593
    33 3.828991 -0.000002 -0.000004 0.235088 0.000000 0.000000
    34 7.657978 -0.000001 -0.000004 0.470175 0.000000 0.000000
    35 3.865551 0.000000 0.000000 1.039174 0.000000 0.000000
    36 7.731106 0.000005 0.000000 0.519586 0.000000 0.000000
    37 4.311554 3.005295 -1.270490 1.501115 -0.929625 1.418013
    38 -6.665440 -0.000003 -0.000004 -3.040810 1.003222 -2.620408
    39 11.596647 -0.000001 0.000000 -1.570803 0.000011 -1.871736
    40 11.486992 0.000004 0.000000 -2.846802 -0.047830 -3.119467
    41 -0.807779 -0.015434 0.224528 0.130942 -0.092493 -0.156725
    42 -3.265091 -0.000004 -0.000001 -0.001582 -0.082971 1.345796
    43 -2.075771 0.000034 -0.000016 0.010063 -0.000677 1.686919
    44 -1.413406 0.000010 -0.000004 -0.020956 0.138367 0.360836
    45 -0.562851 -0.124878 -0.989245 0.051897 -0.333447 -0.042528
    46 -2.611328 0.000004 -0.000002 -0.176428 0.071058 1.397532
    47 -1.511091 -0.000008 -0.000013 -0.088191 -0.153366 1.503163
    48 -0.872673 -0.000025 0.000009 -0.014742 -0.076433 0.368296
    49 -0.802757 -0.214920 0.873666 0.211404 0.053247 -0.065452
    50 -3.290358 0.000015 0.000001 -0.141689 -0.231909 1.126436
    51 -1.995712 0.000071 -0.000041 0.094594 -0.051378 1.776788
    52 -1.268997 -0.000080 0.000054 -0.007411 -0.029155 0.339888
    53 -1.423065 -0.741619 1.176403 1.896561 0.278451 0.573213
    54 -1.698807 0.000021 -0.000074 0.091636 -0.181253 0.553430
    55 -1.566315 0.000017 0.000042 0.191277 -0.305061 0.410076
    56 -0.711685 -0.057610 -0.410448 0.103735 -0.211861 -0.099872
    57 -2.987783 0.000034 -0.000010 -0.093016 -0.045194 1.320385
    58 -1.910938 -0.000069 0.000009 0.007642 0.009025 1.662320
    59 -1.280685 0.000078 -0.000007 0.003480 0.011090 0.459930
    60 -3.988281 -1.049805 1.364258 -0.039952 0.553914 3.087680
    61 3.828999 0.000004 0.000002 1.749973 -0.001791 -3.140097
    62 7.658009 0.000004 0.000000 1.929153 -0.002092 -3.140142
    63 3.865543 -0.000002 0.000004 -2.661909 -0.002140 3.141069
    64 7.731091 -0.000004 0.000008 -2.901750 -0.002347 3.141310
    65 -3.771385 0.913481 3.694230 -0.136393 -0.233031 2.738926
    66 17.902937 -0.000001 0.000000 0.000000 0.000000 0.596785
    67 16.937243 0.000000 0.000001 2.916466 -0.006800 -1.111185
    68 6.329629 -0.000003 0.000000 0.000000 0.000000 0.500448
    69 5.967648 0.000002 0.000000 -0.002893 0.000000 0.000000
    70 11.935293 0.000001 0.000000 -0.001446 0.000000 0.000000
    71 -3.771435 0.913481 -3.694230 2.135279 0.432741 -3.005673
    72 17.902927 0.000000 0.000000 0.000000 0.444797 0.000000
    73 16.937195 0.000000 0.000000 -2.402276 1.182025 2.759168
    74 -6.329633 -0.000003 0.000002 0.000000 0.000000 0.500448
    75 5.967648 0.000001 0.000000 1.720667 0.002111 3.139776
    76 11.935293 -0.000001 0.000000 1.645731 0.001960 3.139775
    77 0.000000 1.000000 -0.000001 0.000000 0.000000 0.000000
    78 0.000000 1.000000 -0.000001 0.000000 0.000000 0.000000
    79 1.000000 0.000000 -0.000002 0.000000 0.000000 0.000000
    80 -4.440264 -6.353600 -5.421589 -0.130881 0.227548 2.823843
    81 -4.440269 -6.353603 -5.421588 -0.130881 0.227548 2.823843
    82 -4.440266 -6.353603 -5.421586 -0.130881 0.227548 2.823843
    83 -4.440262 -6.353600 -5.421586 -0.130881 0.227548 2.823843
    84 -6.999998 -2.000000 2.500000 1.919862 0.000000 -1.570796
end
