// Created by Crowbar 0.74
version 1
nodes
  0 "pelvis" -1
  1 "lean_root" -1
  2 "cam_driver" -1
  3 "spine_0" 0
  4 "spine_1" 3
  5 "spine_2" 4
  6 "spine_3" 5
  7 "neck_0" 6
  8 "head_0" 7
  9 "clavicle_L" 6
  10 "arm_upper_L" 9
  11 "arm_lower_L" 10
  12 "hand_L" 11
  13 "finger_middle_meta_L" 12
  14 "finger_middle_0_L" 13
  15 "finger_middle_1_L" 14
  16 "finger_middle_2_L" 15
  17 "finger_pinky_meta_L" 12
  18 "finger_pinky_0_L" 17
  19 "finger_pinky_1_L" 18
  20 "finger_pinky_2_L" 19
  21 "finger_index_meta_L" 12
  22 "finger_index_0_L" 21
  23 "finger_index_1_L" 22
  24 "finger_index_2_L" 23
  25 "finger_thumb_0_L" 12
  26 "finger_thumb_1_L" 25
  27 "finger_thumb_2_L" 26
  28 "finger_ring_meta_L" 12
  29 "finger_ring_0_L" 28
  30 "finger_ring_1_L" 29
  31 "finger_ring_2_L" 30
  32 "weapon_hand_L" 12
  33 "arm_lower_L_TWIST" 11
  34 "arm_lower_L_TWIST1" 11
  35 "arm_upper_L_TWIST" 10
  36 "arm_upper_L_TWIST1" 10
  37 "clavicle_R" 6
  38 "arm_upper_R" 37
  39 "arm_lower_R" 38
  40 "hand_R" 39
  41 "finger_middle_meta_R" 40
  42 "finger_middle_0_R" 41
  43 "finger_middle_1_R" 42
  44 "finger_middle_2_R" 43
  45 "finger_pinky_meta_R" 40
  46 "finger_pinky_0_R" 45
  47 "finger_pinky_1_R" 46
  48 "finger_pinky_2_R" 47
  49 "finger_index_meta_R" 40
  50 "finger_index_0_R" 49
  51 "finger_index_1_R" 50
  52 "finger_index_2_R" 51
  53 "finger_thumb_0_R" 40
  54 "finger_thumb_1_R" 53
  55 "finger_thumb_2_R" 54
  56 "finger_ring_meta_R" 40
  57 "finger_ring_0_R" 56
  58 "finger_ring_1_R" 57
  59 "finger_ring_2_R" 58
  60 "weapon_hand_R" 40
  61 "arm_lower_R_TWIST" 39
  62 "arm_lower_R_TWIST1" 39
  63 "arm_upper_R_TWIST" 38
  64 "arm_upper_R_TWIST1" 38
  65 "leg_upper_L" 0
  66 "leg_lower_L" 65
  67 "ankle_L" 66
  68 "ball_L" 67
  69 "leg_upper_L_TWIST" 65
  70 "leg_upper_L_TWIST1" 65
  71 "leg_upper_R" 0
  72 "leg_lower_R" 71
  73 "ankle_R" 72
  74 "ball_R" 73
  75 "leg_upper_R_TWIST" 71
  76 "leg_upper_R_TWIST1" 71
  77 "lfoot_lock" 68
  78 "rfoot_lock" 74
  79 "lh_ik_driver" 12
  80 "ValveBiped.weapon_bone" 40
  81 "ValveBiped.weapon_bone" 40
  82 "ValveBiped.weapon_bone" 40
  83 "ValveBiped.weapon_bone" 40
  84 "ValveBiped.weapon_bone" 40
end
skeleton
  time 0
    0 8.257813 3.525391 33.000000 -2.202880 -1.303368 -1.643871
    1 0.000000 0.000000 0.000000 0.000000 0.000000 -1.570796
    2 0.000000 0.000000 64.000000 0.000000 0.000000 -1.570796
    3 0.810059 0.473633 0.000000 0.000358 -0.016110 0.307258
    4 3.867188 0.000000 0.000000 -0.055205 0.038566 0.192099
    5 4.304688 0.000002 0.000000 -0.001958 0.169549 0.489346
    6 5.601563 0.000000 0.000000 -0.046911 0.109369 0.124935
    7 5.976563 -0.000015 0.000000 0.060110 0.069005 0.254263
    8 4.484375 0.045044 -0.340576 -0.024065 -0.048330 -0.267430
    9 4.311546 3.005295 1.270492 -0.787569 -1.475300 0.348412
    10 6.665431 -0.000001 0.000004 -1.497011 -0.940158 1.890122
    11 11.596657 0.000000 0.000004 0.000000 0.000000 0.807339
    12 11.486958 0.000000 0.000000 1.262282 0.291326 -0.647293
    13 0.807848 0.015446 -0.224507 0.103565 -0.098441 -0.078206
    14 3.265085 0.000000 0.000000 -0.034498 -0.059357 1.124548
    15 2.075729 0.000000 0.000000 -0.108366 0.023151 0.701804
    16 1.413418 0.000000 0.000000 -0.056071 0.021191 1.002435
    17 0.562845 0.124916 0.989242 0.035740 -0.275231 0.077097
    18 2.704880 0.000004 0.000000 -0.122464 -0.052139 0.988076
    19 1.511139 0.000000 0.000000 -0.184751 -0.103819 0.849134
    20 0.872662 -0.000002 0.000000 -0.129117 -0.092766 0.745597
    21 0.802790 0.214909 -0.873657 0.218205 0.000974 -0.116705
    22 3.290375 -0.000008 -0.000001 -0.034890 0.061842 1.103176
    23 1.995686 0.000002 0.000000 -0.073132 0.034745 0.707150
    24 1.269020 0.000002 0.000000 -0.033739 0.056094 0.929799
    25 1.423082 0.741592 -1.176399 1.421833 0.368004 -0.027835
    26 1.543945 -0.146240 -0.054810 -0.217727 -0.147815 0.334713
    27 1.566334 0.000003 0.000004 -0.034116 -0.015576 0.517575
    28 0.711742 0.057613 0.410461 0.066852 -0.215308 -0.019739
    29 2.987720 0.000004 0.000000 -0.008363 -0.056942 0.942096
    30 1.910923 0.000002 0.000000 -0.107793 0.011119 0.967620
    31 1.280708 0.000000 0.000000 -0.074997 -0.009451 0.711216
    32 3.630859 1.038086 0.290283 -3.139640 0.000000 0.000000
    33 3.828991 -0.000002 -0.000004 -0.000994 0.000000 0.000000
    34 7.657978 -0.000001 -0.000004 -0.001989 0.000000 0.000000
    35 3.865551 0.000000 0.000000 0.823010 0.000000 0.000000
    36 7.731106 0.000005 0.000000 0.411505 0.000000 0.000000
    37 4.311554 3.005295 -1.270490 2.273041 -1.330724 0.387033
    38 -6.665440 -0.000003 -0.000004 -2.417061 0.933157 -1.561030
    39 11.596647 -0.000001 0.000000 -1.570797 0.000006 -0.915575
    40 11.486992 0.000004 0.000000 2.582602 0.409392 -2.860827
    41 -0.807779 -0.015434 0.224528 0.104859 -0.185069 -0.087354
    42 -3.265091 -0.000004 -0.000001 -0.309333 -0.276202 0.634561
    43 -2.075771 0.000034 -0.000016 -0.064393 0.087229 1.547253
    44 -1.413406 0.000010 -0.000004 -0.080660 0.048752 1.275414
    45 -0.562851 -0.124878 -0.989245 -0.013803 -0.343873 0.088648
    46 -2.704903 -0.000004 0.000000 -0.557195 -0.014458 0.874650
    47 -1.511091 -0.000008 -0.000013 -0.206211 -0.135275 1.305175
    48 -0.872673 -0.000025 0.000009 -0.085131 -0.070685 0.375843
    49 -0.802757 -0.214920 0.873666 0.217457 -0.084822 -0.169248
    50 -3.290358 0.000015 0.000001 -0.013844 -0.167712 0.225033
    51 -1.995712 0.000071 -0.000041 -0.098228 -0.000364 0.581460
    52 -1.268997 -0.000080 0.000054 -0.077206 0.069287 0.800573
    53 -1.423065 -0.741619 1.176403 2.168819 0.245476 0.703273
    54 -1.698807 0.000021 -0.000074 -0.319927 -0.251684 0.484868
    55 -1.566315 0.000017 0.000042 -0.032439 -0.064573 0.590826
    56 -0.711685 -0.057610 -0.410448 0.066853 -0.215308 -0.019739
    57 -2.987783 0.000034 -0.000010 -0.296042 -0.157837 0.798002
    58 -1.910938 -0.000069 0.000009 -0.069848 0.098701 1.430020
    59 -1.280685 0.000078 -0.000007 -0.097434 0.070075 1.120739
    60 -2.748047 -1.123047 -0.407715 -0.000502 0.365828 3.138877
    61 3.828999 0.000004 0.000002 1.331423 -0.001905 -3.139167
    62 7.658009 0.000004 0.000000 1.092050 -0.001684 -3.138821
    63 3.865543 -0.000002 0.000004 -2.963163 -0.003195 3.141307
    64 7.731091 -0.000004 0.000008 -3.052379 -0.003341 3.141444
    65 -3.771385 0.913481 3.694230 0.204176 -0.532026 1.779029
    66 17.902937 -0.000001 0.000000 0.000000 0.000000 1.103968
    67 16.937243 0.000000 0.000001 2.999433 0.257847 -1.105523
    68 6.329629 -0.000003 0.000000 -0.000049 0.000156 0.393578
    69 5.967648 0.000002 0.000000 0.081942 0.000000 0.000000
    70 11.935293 0.000001 0.000000 0.040971 0.000000 0.000000
    71 -3.771435 0.913481 -3.694230 1.346449 0.184772 2.236723
    72 17.902927 0.000000 0.000000 0.000000 1.239855 0.000000
    73 16.937195 0.000000 0.000000 2.972239 1.238116 2.094483
    74 -6.329633 -0.000003 0.000002 -0.000098 0.000689 0.363193
    75 5.967648 0.000001 0.000000 1.380364 0.001577 3.139683
    76 11.935293 -0.000001 0.000000 1.475579 0.002173 3.139202
    77 -0.000001 1.000000 0.000002 0.000000 0.000000 0.000000
    78 0.000000 1.000000 0.000000 0.000000 0.000000 0.000000
    79 1.000000 0.000000 0.000000 0.000000 0.000000 0.000000
    80 -4.440264 -6.353600 -5.421589 -0.130881 0.227548 2.823843
    81 -4.440269 -6.353603 -5.421588 -0.130881 0.227548 2.823843
    82 -4.440266 -6.353603 -5.421586 -0.130881 0.227548 2.823843
    83 -4.440262 -6.353600 -5.421586 -0.130881 0.227548 2.823843
    84 -6.999998 -2.000000 2.500000 1.919862 0.000000 -1.570796
end
