// Created by Crowbar 0.74
version 1
nodes
  0 "pelvis" -1
  1 "lean_root" -1
  2 "cam_driver" -1
  3 "spine_0" 0
  4 "spine_1" 3
  5 "spine_2" 4
  6 "spine_3" 5
  7 "neck_0" 6
  8 "head_0" 7
  9 "clavicle_L" 6
  10 "arm_upper_L" 9
  11 "arm_lower_L" 10
  12 "hand_L" 11
  13 "finger_middle_meta_L" 12
  14 "finger_middle_0_L" 13
  15 "finger_middle_1_L" 14
  16 "finger_middle_2_L" 15
  17 "finger_pinky_meta_L" 12
  18 "finger_pinky_0_L" 17
  19 "finger_pinky_1_L" 18
  20 "finger_pinky_2_L" 19
  21 "finger_index_meta_L" 12
  22 "finger_index_0_L" 21
  23 "finger_index_1_L" 22
  24 "finger_index_2_L" 23
  25 "finger_thumb_0_L" 12
  26 "finger_thumb_1_L" 25
  27 "finger_thumb_2_L" 26
  28 "finger_ring_meta_L" 12
  29 "finger_ring_0_L" 28
  30 "finger_ring_1_L" 29
  31 "finger_ring_2_L" 30
  32 "weapon_hand_L" 12
  33 "arm_lower_L_TWIST" 11
  34 "arm_lower_L_TWIST1" 11
  35 "arm_upper_L_TWIST" 10
  36 "arm_upper_L_TWIST1" 10
  37 "clavicle_R" 6
  38 "arm_upper_R" 37
  39 "arm_lower_R" 38
  40 "hand_R" 39
  41 "finger_middle_meta_R" 40
  42 "finger_middle_0_R" 41
  43 "finger_middle_1_R" 42
  44 "finger_middle_2_R" 43
  45 "finger_pinky_meta_R" 40
  46 "finger_pinky_0_R" 45
  47 "finger_pinky_1_R" 46
  48 "finger_pinky_2_R" 47
  49 "finger_index_meta_R" 40
  50 "finger_index_0_R" 49
  51 "finger_index_1_R" 50
  52 "finger_index_2_R" 51
  53 "finger_thumb_0_R" 40
  54 "finger_thumb_1_R" 53
  55 "finger_thumb_2_R" 54
  56 "finger_ring_meta_R" 40
  57 "finger_ring_0_R" 56
  58 "finger_ring_1_R" 57
  59 "finger_ring_2_R" 58
  60 "weapon_hand_R" 40
  61 "arm_lower_R_TWIST" 39
  62 "arm_lower_R_TWIST1" 39
  63 "arm_upper_R_TWIST" 38
  64 "arm_upper_R_TWIST1" 38
  65 "leg_upper_L" 0
  66 "leg_lower_L" 65
  67 "ankle_L" 66
  68 "ball_L" 67
  69 "leg_upper_L_TWIST" 65
  70 "leg_upper_L_TWIST1" 65
  71 "leg_upper_R" 0
  72 "leg_lower_R" 71
  73 "ankle_R" 72
  74 "ball_R" 73
  75 "leg_upper_R_TWIST" 71
  76 "leg_upper_R_TWIST1" 71
  77 "lfoot_lock" 68
  78 "rfoot_lock" 74
  79 "lh_ik_driver" 12
  80 "ValveBiped.weapon_bone" 40
  81 "ValveBiped.weapon_bone" 40
  82 "ValveBiped.weapon_bone" 40
  83 "ValveBiped.weapon_bone" 40
  84 "ValveBiped.weapon_bone" 40
end
skeleton
  time 0
    0 7.148438 0.607910 39.250000 2.414564 -1.535012 -0.590730
    1 0.000000 0.000000 0.000000 0.000000 0.000000 -1.570796
    2 0.000000 0.000000 64.000000 0.000000 0.000000 -1.570796
    3 0.934204 0.090506 0.000000 -0.028625 -0.123980 0.125008
    4 3.941406 0.000001 0.000000 -0.202051 0.096173 0.098221
    5 4.457031 -0.000002 0.000000 -0.247488 -0.058958 0.085375
    6 6.234375 -0.000004 0.000001 -0.199832 0.059879 0.193537
    7 6.199219 -0.000013 0.000000 -0.010393 -0.011099 0.357369
    8 6.105469 0.695313 0.075867 0.620256 0.105510 -0.367294
    9 4.311546 3.005295 1.270492 0.922366 -1.417277 -1.100445
    10 6.665431 -0.000001 0.000004 -1.079056 -0.732329 0.991673
    11 11.596657 0.000000 0.000004 0.000000 0.000000 1.778824
    12 11.486958 0.000000 0.000000 0.363464 -0.034417 -0.775356
    13 0.807848 0.015446 -0.224507 0.103565 -0.098441 -0.078206
    14 3.265085 0.000000 0.000000 -0.276612 -0.192439 0.738757
    15 2.075729 0.000000 0.000000 0.007083 0.014390 1.259712
    16 1.413418 0.000000 0.000000 0.001069 -0.003125 0.535507
    17 0.562845 0.124916 0.989242 -0.148194 -0.319427 0.214018
    18 2.704880 0.000004 0.000000 -0.186988 0.033409 0.899366
    19 1.511139 0.000000 0.000000 -0.026934 -0.097828 1.023504
    20 0.872662 -0.000002 0.000000 -0.067031 0.050291 0.055762
    21 0.802790 0.214909 -0.873657 0.217206 0.057814 -0.081382
    22 3.290375 -0.000008 -0.000001 -0.423761 -0.268338 0.567963
    23 1.995686 0.000002 0.000000 0.067883 0.016939 1.305453
    24 1.269020 0.000002 0.000000 -0.084679 -0.042698 0.415356
    25 1.423082 0.741592 -1.176399 1.302710 0.562959 0.171586
    26 1.698860 0.000000 -0.000002 0.002120 -0.068488 0.193187
    27 1.566334 0.000003 0.000004 -0.166730 -0.116758 -0.333845
    28 0.711742 0.057613 0.410461 0.066852 -0.215308 -0.019739
    29 2.987720 0.000004 0.000000 -0.220725 -0.071322 0.822333
    30 1.910923 0.000002 0.000000 0.004089 0.007576 1.239945
    31 1.280708 0.000000 0.000000 0.008957 -0.022134 0.297003
    32 2.790770 1.123615 0.295328 0.000000 0.000000 -3.141593
    33 3.828991 -0.000002 -0.000004 -0.309553 0.000000 0.000000
    34 7.657978 -0.000001 -0.000004 -0.619106 0.000000 0.000000
    35 3.865551 0.000000 0.000000 0.719716 0.000000 0.000000
    36 7.731106 0.000005 0.000000 0.359856 0.000000 0.000000
    37 4.311554 3.005295 -1.270490 1.545569 -1.259328 1.678244
    38 -6.304688 0.000002 0.000000 -2.888971 0.510405 -1.681337
    39 11.596647 -0.000001 0.000000 -1.570805 0.000009 -1.926195
    40 11.486992 0.000004 0.000000 2.330048 0.213799 -2.953112
    41 -0.807779 -0.015434 0.224528 0.103295 -0.067227 -0.074954
    42 -3.265091 -0.000004 -0.000001 -0.044856 0.016006 1.108385
    43 -2.075771 0.000034 -0.000016 0.004683 0.019010 1.115901
    44 -1.413406 0.000010 -0.000004 -0.003076 -0.015281 0.978110
    45 -0.562851 -0.124878 -0.989245 -0.013656 -0.312493 0.088192
    46 -2.704903 -0.000004 0.000000 0.020890 0.203152 0.747338
    47 -1.511091 -0.000008 -0.000013 -0.035375 -0.109316 1.105185
    48 -0.872673 -0.000025 0.000009 -0.061391 -0.134607 0.804008
    49 -0.802757 -0.214920 0.873666 0.231128 0.089369 -0.103435
    50 -3.290358 0.000015 0.000001 -0.087019 0.153985 0.574759
    51 -1.995712 0.000071 -0.000041 -0.032702 0.014674 0.775802
    52 -1.268997 -0.000080 0.000054 -0.019585 0.004466 1.252857
    53 -1.423065 -0.741619 1.176403 2.751404 0.100510 1.185318
    54 -1.698807 0.000021 -0.000074 0.268482 -0.160906 0.968332
    55 -1.566315 0.000017 0.000042 0.099726 0.056735 0.555475
    56 -0.711685 -0.057610 -0.410448 0.066428 -0.183995 -0.017605
    57 -2.987783 0.000034 -0.000010 0.000336 0.032567 0.910868
    58 -1.910938 -0.000069 0.000009 0.003017 0.006728 1.090984
    59 -1.280685 0.000078 -0.000007 0.008591 0.011945 0.897033
    60 -3.097656 -1.580078 0.022552 0.000000 0.000000 -3.141593
    61 3.828999 0.000004 0.000002 1.331729 -0.001927 -3.139140
    62 7.658009 0.000004 0.000000 1.092666 -0.001801 -3.138631
    63 3.865543 -0.000002 0.000004 2.772735 -0.002564 -3.141114
    64 7.731091 -0.000004 0.000008 2.957163 -0.003205 -3.141296
    65 -3.771385 0.913481 3.694230 -0.557529 -0.501809 2.887451
    66 17.902937 -0.000001 0.000000 0.000000 0.000000 0.705604
    67 16.937243 0.000000 0.000001 2.835660 -0.096129 -1.234690
    68 6.329629 -0.000003 0.000000 0.000000 0.000000 0.500448
    69 5.967648 0.000002 0.000000 0.327144 0.000000 0.000000
    70 11.935293 0.000001 0.000000 0.163571 0.000000 0.000000
    71 -3.771435 0.913481 -3.694230 1.274275 0.177268 2.732173
    72 17.902927 0.000000 0.000000 0.000000 0.631340 0.000000
    73 16.937195 0.000000 0.000000 -2.346131 1.228667 2.760873
    74 -6.329633 -0.000003 0.000002 0.000000 0.000000 0.500448
    75 5.967648 0.000001 0.000000 1.142058 0.001726 3.138906
    76 11.935293 -0.000001 0.000000 1.356427 -0.001547 -3.139672
    77 0.000001 1.000000 0.000001 0.000000 0.000000 0.000000
    78 0.000000 1.000000 0.000000 0.000000 0.000000 0.000000
    79 1.000000 0.000004 0.000000 0.000000 0.000000 0.000000
    80 -4.440264 -6.353600 -5.421589 -0.130881 0.227548 2.823843
    81 -4.440269 -6.353603 -5.421588 -0.130881 0.227548 2.823843
    82 -4.440266 -6.353603 -5.421586 -0.130881 0.227548 2.823843
    83 -4.440262 -6.353600 -5.421586 -0.130881 0.227548 2.823843
    84 -6.999998 -2.000000 2.500000 1.919862 0.000000 -1.570796
end
