// Created by Crowbar 0.74
version 1
nodes
  0 "pelvis" -1
  1 "lean_root" -1
  2 "cam_driver" -1
  3 "spine_0" 0
  4 "spine_1" 3
  5 "spine_2" 4
  6 "spine_3" 5
  7 "neck_0" 6
  8 "head_0" 7
  9 "clavicle_L" 6
  10 "arm_upper_L" 9
  11 "arm_lower_L" 10
  12 "hand_L" 11
  13 "finger_middle_meta_L" 12
  14 "finger_middle_0_L" 13
  15 "finger_middle_1_L" 14
  16 "finger_middle_2_L" 15
  17 "finger_pinky_meta_L" 12
  18 "finger_pinky_0_L" 17
  19 "finger_pinky_1_L" 18
  20 "finger_pinky_2_L" 19
  21 "finger_index_meta_L" 12
  22 "finger_index_0_L" 21
  23 "finger_index_1_L" 22
  24 "finger_index_2_L" 23
  25 "finger_thumb_0_L" 12
  26 "finger_thumb_1_L" 25
  27 "finger_thumb_2_L" 26
  28 "finger_ring_meta_L" 12
  29 "finger_ring_0_L" 28
  30 "finger_ring_1_L" 29
  31 "finger_ring_2_L" 30
  32 "weapon_hand_L" 12
  33 "arm_lower_L_TWIST" 11
  34 "arm_lower_L_TWIST1" 11
  35 "arm_upper_L_TWIST" 10
  36 "arm_upper_L_TWIST1" 10
  37 "clavicle_R" 6
  38 "arm_upper_R" 37
  39 "arm_lower_R" 38
  40 "hand_R" 39
  41 "finger_middle_meta_R" 40
  42 "finger_middle_0_R" 41
  43 "finger_middle_1_R" 42
  44 "finger_middle_2_R" 43
  45 "finger_pinky_meta_R" 40
  46 "finger_pinky_0_R" 45
  47 "finger_pinky_1_R" 46
  48 "finger_pinky_2_R" 47
  49 "finger_index_meta_R" 40
  50 "finger_index_0_R" 49
  51 "finger_index_1_R" 50
  52 "finger_index_2_R" 51
  53 "finger_thumb_0_R" 40
  54 "finger_thumb_1_R" 53
  55 "finger_thumb_2_R" 54
  56 "finger_ring_meta_R" 40
  57 "finger_ring_0_R" 56
  58 "finger_ring_1_R" 57
  59 "finger_ring_2_R" 58
  60 "weapon_hand_R" 40
  61 "arm_lower_R_TWIST" 39
  62 "arm_lower_R_TWIST1" 39
  63 "arm_upper_R_TWIST" 38
  64 "arm_upper_R_TWIST1" 38
  65 "leg_upper_L" 0
  66 "leg_lower_L" 65
  67 "ankle_L" 66
  68 "ball_L" 67
  69 "leg_upper_L_TWIST" 65
  70 "leg_upper_L_TWIST1" 65
  71 "leg_upper_R" 0
  72 "leg_lower_R" 71
  73 "ankle_R" 72
  74 "ball_R" 73
  75 "leg_upper_R_TWIST" 71
  76 "leg_upper_R_TWIST1" 71
  77 "lfoot_lock" 68
  78 "rfoot_lock" 74
  79 "lh_ik_driver" 12
  80 "ValveBiped.weapon_bone" 40
  81 "ValveBiped.weapon_bone" 40
  82 "ValveBiped.weapon_bone" 40
  83 "ValveBiped.weapon_bone" 40
  84 "ValveBiped.weapon_bone" 40
end
skeleton
  time 0
    0 6.394531 3.250000 27.437500 1.252611 -1.405159 1.067027
    1 0.000000 0.000000 0.000000 0.000000 0.000000 -1.570796
    2 0.000000 0.000000 64.000000 0.000000 0.000000 -1.570796
    3 0.810059 0.473633 0.000000 -0.162155 -0.295884 0.840109
    4 3.857422 -0.000002 0.000000 -0.092367 0.098887 -0.210685
    5 4.464844 0.000002 0.000000 -0.109445 0.160628 0.158981
    6 5.648438 0.000000 0.000000 -0.147536 -0.027104 0.269640
    7 6.187500 -0.000011 0.000000 0.053676 0.085075 0.257256
    8 4.828125 0.062042 -0.440674 0.234876 0.135531 -0.682558
    9 4.311546 3.005295 1.270492 0.580232 -1.295409 -0.810421
    10 6.665431 -0.000001 0.000004 -1.055208 -0.445041 1.834384
    11 11.596657 0.000000 0.000004 0.000000 0.000000 1.204561
    12 11.486958 0.000000 0.000000 0.201876 0.600439 -0.241475
    13 0.807848 0.015446 -0.224507 0.034833 -0.086179 -0.048506
    14 3.265085 0.000000 0.000000 -0.108171 -0.182636 0.611855
    15 2.075729 0.000000 0.000000 -0.106601 0.149042 1.159161
    16 1.413418 0.000000 0.000000 0.000685 -0.005647 0.622690
    17 0.562845 0.124916 0.989242 -0.191801 -0.218518 0.291964
    18 2.704880 0.000004 0.000000 -0.247365 0.035587 0.785542
    19 1.511139 0.000000 0.000000 -0.020469 -0.045473 1.021626
    20 0.872662 -0.000002 0.000000 -0.058879 0.028068 0.263123
    21 0.802790 0.214909 -0.873657 0.211404 0.053247 -0.065452
    22 3.290375 -0.000008 -0.000001 -0.053532 -0.534046 0.155716
    23 1.995686 0.000002 0.000000 -0.075731 0.183537 0.833696
    24 1.269020 0.000002 0.000000 -0.065220 0.041074 0.908441
    25 1.423082 0.741592 -1.176399 1.565354 0.193052 0.330811
    26 1.698860 0.000000 -0.000002 -0.000639 -0.073455 0.232075
    27 1.566334 0.000003 0.000004 -0.172567 -0.114653 -0.283307
    28 0.711742 0.057613 0.410461 0.014209 -0.148520 0.076261
    29 2.987720 0.000004 0.000000 -0.159682 -0.114533 0.761834
    30 1.910923 0.000002 0.000000 -0.100228 0.247513 1.238682
    31 1.280708 0.000000 0.000000 0.008955 -0.022134 0.297001
    32 2.790770 1.123615 0.295328 0.000000 0.000000 -3.141593
    33 3.828991 -0.000002 -0.000004 -0.575885 0.000000 0.000000
    34 7.657978 -0.000001 -0.000004 -1.151770 0.000000 0.000000
    35 3.865551 0.000000 0.000000 0.699022 0.000000 0.000000
    36 7.731106 0.000005 0.000000 0.349511 0.000000 0.000000
    37 4.311554 3.005295 -1.270490 2.424446 -1.322648 0.581134
    38 -6.665440 -0.000003 -0.000004 3.087332 0.871018 -2.855155
    39 11.596647 -0.000001 0.000000 -1.570805 0.000010 -2.131016
    40 11.486992 0.000004 0.000000 2.402264 -0.196914 2.888325
    41 -0.807779 -0.015434 0.224528 0.115677 -0.049771 -0.069779
    42 -3.265091 -0.000004 -0.000001 -0.129015 0.096353 1.181158
    43 -2.075771 0.000034 -0.000016 0.323346 -0.039504 1.419903
    44 -1.413406 0.000010 -0.000004 -0.341664 0.033958 0.591813
    45 -0.562851 -0.124878 -0.989245 -0.013803 -0.343873 0.088648
    46 -2.704903 -0.000004 0.000000 0.276399 0.313570 1.140719
    47 -1.511091 -0.000008 -0.000013 -0.184343 0.170378 1.079326
    48 -0.872673 -0.000025 0.000009 0.220793 0.039306 0.509491
    49 -0.802757 -0.214920 0.873666 0.375801 0.148208 0.018665
    50 -3.290358 0.000015 0.000001 -0.105390 -0.198212 -0.028195
    51 -1.995712 0.000071 -0.000041 0.006965 0.014354 0.718392
    52 -1.268997 -0.000080 0.000054 -0.017431 0.013783 1.489124
    53 -1.423065 -0.741619 1.176403 1.785988 0.320461 1.082104
    54 -1.698807 0.000021 -0.000074 0.149419 -0.429241 0.511883
    55 -1.566315 0.000017 0.000042 0.103108 -0.132848 1.105909
    56 -0.711685 -0.057610 -0.410448 0.066853 -0.215308 -0.019739
    57 -2.987783 0.000034 -0.000010 -0.037850 0.202161 1.203473
    58 -1.910938 -0.000069 0.000009 0.083448 0.010728 1.382200
    59 -1.280685 0.000078 -0.000007 0.004558 0.011465 0.555458
    60 -4.441406 -1.012695 -0.756836 -0.228805 -0.263295 2.876813
    61 3.828999 0.000004 0.000002 1.225957 -0.001693 -3.139185
    62 7.658009 0.000004 0.000000 0.881121 0.000969 3.139537
    63 3.865543 -0.000002 0.000004 -2.899156 -0.002962 3.141232
    64 7.731091 -0.000004 0.000008 -3.020375 -0.002965 3.141413
    65 -3.771385 0.913481 3.694230 0.069853 -0.589237 2.040844
    66 17.902937 -0.000001 0.000000 0.000000 0.000000 1.560029
    67 16.937243 0.000000 0.000001 3.019355 0.360001 -1.359911
    68 6.329629 -0.000003 0.000000 -0.000049 0.000156 0.393578
    69 5.967648 0.000002 0.000000 0.109672 0.000000 0.000000
    70 11.935293 0.000001 0.000000 0.054835 0.000000 0.000000
    71 -3.771435 0.913481 -3.694230 1.155071 0.407389 2.256835
    72 17.902927 0.000000 0.000000 -3.141593 1.415158 -3.141593
    73 16.937195 0.000000 0.000000 1.488261 1.439800 0.544768
    74 -6.329633 -0.000003 0.000002 -0.000098 0.000689 0.363193
    75 5.967648 0.000001 0.000000 1.208148 -0.002024 -3.138660
    76 11.935293 -0.000001 0.000000 1.389470 0.002028 3.139159
    77 0.000000 1.000000 0.000000 0.000000 0.000000 0.000000
    78 0.000000 1.000000 -0.000001 0.000000 0.000000 0.000000
    79 1.000000 -0.000002 0.000000 0.000000 0.000000 0.000000
    80 -4.440264 -6.353600 -5.421589 -0.130881 0.227548 2.823843
    81 -4.440269 -6.353603 -5.421588 -0.130881 0.227548 2.823843
    82 -4.440266 -6.353603 -5.421586 -0.130881 0.227548 2.823843
    83 -4.440262 -6.353600 -5.421586 -0.130881 0.227548 2.823843
    84 -6.999998 -2.000000 2.500000 1.919862 0.000000 -1.570796
end
