// Created by Crowbar 0.74
version 1
nodes
  0 "pelvis" -1
  1 "lean_root" -1
  2 "cam_driver" -1
  3 "spine_0" 0
  4 "spine_1" 3
  5 "spine_2" 4
  6 "spine_3" 5
  7 "neck_0" 6
  8 "head_0" 7
  9 "clavicle_L" 6
  10 "arm_upper_L" 9
  11 "arm_lower_L" 10
  12 "hand_L" 11
  13 "finger_middle_meta_L" 12
  14 "finger_middle_0_L" 13
  15 "finger_middle_1_L" 14
  16 "finger_middle_2_L" 15
  17 "finger_pinky_meta_L" 12
  18 "finger_pinky_0_L" 17
  19 "finger_pinky_1_L" 18
  20 "finger_pinky_2_L" 19
  21 "finger_index_meta_L" 12
  22 "finger_index_0_L" 21
  23 "finger_index_1_L" 22
  24 "finger_index_2_L" 23
  25 "finger_thumb_0_L" 12
  26 "finger_thumb_1_L" 25
  27 "finger_thumb_2_L" 26
  28 "finger_ring_meta_L" 12
  29 "finger_ring_0_L" 28
  30 "finger_ring_1_L" 29
  31 "finger_ring_2_L" 30
  32 "weapon_hand_L" 12
  33 "arm_lower_L_TWIST" 11
  34 "arm_lower_L_TWIST1" 11
  35 "arm_upper_L_TWIST" 10
  36 "arm_upper_L_TWIST1" 10
  37 "clavicle_R" 6
  38 "arm_upper_R" 37
  39 "arm_lower_R" 38
  40 "hand_R" 39
  41 "finger_middle_meta_R" 40
  42 "finger_middle_0_R" 41
  43 "finger_middle_1_R" 42
  44 "finger_middle_2_R" 43
  45 "finger_pinky_meta_R" 40
  46 "finger_pinky_0_R" 45
  47 "finger_pinky_1_R" 46
  48 "finger_pinky_2_R" 47
  49 "finger_index_meta_R" 40
  50 "finger_index_0_R" 49
  51 "finger_index_1_R" 50
  52 "finger_index_2_R" 51
  53 "finger_thumb_0_R" 40
  54 "finger_thumb_1_R" 53
  55 "finger_thumb_2_R" 54
  56 "finger_ring_meta_R" 40
  57 "finger_ring_0_R" 56
  58 "finger_ring_1_R" 57
  59 "finger_ring_2_R" 58
  60 "weapon_hand_R" 40
  61 "arm_lower_R_TWIST" 39
  62 "arm_lower_R_TWIST1" 39
  63 "arm_upper_R_TWIST" 38
  64 "arm_upper_R_TWIST1" 38
  65 "leg_upper_L" 0
  66 "leg_lower_L" 65
  67 "ankle_L" 66
  68 "ball_L" 67
  69 "leg_upper_L_TWIST" 65
  70 "leg_upper_L_TWIST1" 65
  71 "leg_upper_R" 0
  72 "leg_lower_R" 71
  73 "ankle_R" 72
  74 "ball_R" 73
  75 "leg_upper_R_TWIST" 71
  76 "leg_upper_R_TWIST1" 71
  77 "lfoot_lock" 68
  78 "rfoot_lock" 74
  79 "lh_ik_driver" 12
  80 "ValveBiped.weapon_bone" 40
  81 "ValveBiped.weapon_bone" 40
  82 "ValveBiped.weapon_bone" 40
  83 "ValveBiped.weapon_bone" 40
  84 "ValveBiped.weapon_bone" 40
end
skeleton
  time 0
    0 7.671875 3.837891 32.937500 -1.625035 -1.299801 -2.009015
    1 0.000000 0.000000 0.000000 0.000000 0.000000 -1.570796
    2 0.000000 0.000000 64.000000 0.000000 0.000000 -1.570796
    3 0.810059 0.473633 0.000000 -0.001051 0.092849 0.318249
    4 3.849609 -0.000002 0.000000 -0.041975 -0.040188 0.147516
    5 4.347656 -0.000004 -0.000001 -0.064872 -0.108495 0.355990
    6 5.871094 0.000000 0.000000 -0.015870 0.023453 0.121684
    7 6.285156 -0.000008 0.000000 -0.105152 -0.138986 0.277801
    8 4.480469 0.147827 0.680664 0.302680 -0.115238 -0.428934
    9 4.311546 3.005295 1.270492 -3.109759 -1.271914 3.077939
    10 5.683594 0.000000 0.000002 -0.392652 -0.646555 1.369521
    11 11.596657 0.000000 0.000004 0.000000 0.000000 1.212172
    12 11.486958 0.000000 0.000000 -0.572062 0.557053 -0.480437
    13 0.807848 0.015446 -0.224507 0.034833 -0.086179 -0.048506
    14 3.265085 0.000000 0.000000 -0.108171 -0.182636 0.611855
    15 2.075729 0.000000 0.000000 -0.106602 0.149043 1.159161
    16 1.413418 0.000000 0.000000 0.000685 -0.005647 0.622690
    17 0.562845 0.124916 0.989242 -0.191801 -0.218518 0.291964
    18 2.704880 0.000004 0.000000 -0.247365 0.035587 0.785542
    19 1.511139 0.000000 0.000000 -0.020469 -0.045473 1.021626
    20 0.872662 -0.000002 0.000000 -0.058879 0.028068 0.263123
    21 0.802790 0.214909 -0.873657 0.211404 0.053247 -0.065452
    22 3.290375 -0.000008 -0.000001 -0.053532 -0.534046 0.155716
    23 1.995686 0.000002 0.000000 -0.075732 0.183536 0.833694
    24 1.269020 0.000002 0.000000 -0.065221 0.041076 0.908441
    25 1.423082 0.741592 -1.176399 1.565354 0.193052 0.330811
    26 1.698860 0.000000 -0.000002 -0.000639 -0.073455 0.232075
    27 1.566334 0.000003 0.000004 -0.172565 -0.114653 -0.283308
    28 0.711742 0.057613 0.410461 0.014209 -0.148520 0.076261
    29 2.987720 0.000004 0.000000 -0.159682 -0.114533 0.761834
    30 1.910923 0.000002 0.000000 -0.100228 0.247513 1.238682
    31 1.280708 0.000000 0.000000 0.008955 -0.022134 0.297003
    32 2.790770 1.123615 0.295328 0.000000 0.000000 -3.141593
    33 3.828991 -0.000002 -0.000004 -0.894895 0.000000 0.000000
    34 7.657978 -0.000001 -0.000004 -1.789790 0.000000 0.000000
    35 3.865551 0.000000 0.000000 0.571047 0.000000 0.000000
    36 7.731106 0.000005 0.000000 0.285522 0.000000 0.000000
    37 4.311554 3.005295 -1.270490 1.475232 -1.087646 1.550585
    38 -6.665440 -0.000003 -0.000004 2.795492 0.669078 -2.827863
    39 11.596647 -0.000001 0.000000 -1.570807 0.000010 -2.324892
    40 11.486992 0.000004 0.000000 2.237948 0.385337 2.755969
    41 -0.807779 -0.015434 0.224528 0.115677 -0.049771 -0.069777
    42 -3.265091 -0.000004 -0.000001 -0.129015 0.096353 1.181158
    43 -2.075771 0.000034 -0.000016 0.323347 -0.039502 1.419903
    44 -1.413406 0.000010 -0.000004 -0.341664 0.033958 0.591813
    45 -0.562851 -0.124878 -0.989245 -0.013803 -0.343873 0.088648
    46 -2.704903 -0.000004 0.000000 0.276399 0.313570 1.140719
    47 -1.511091 -0.000008 -0.000013 -0.184344 0.170379 1.079326
    48 -0.872673 -0.000025 0.000009 0.220793 0.039306 0.509491
    49 -0.802757 -0.214920 0.873666 0.375801 0.148208 0.018665
    50 -3.290358 0.000015 0.000001 -0.105391 -0.198212 -0.028195
    51 -1.995712 0.000071 -0.000041 0.006965 0.014354 0.718392
    52 -1.268997 -0.000080 0.000054 -0.017430 0.013784 1.489124
    53 -1.423065 -0.741619 1.176403 1.785988 0.320459 1.082105
    54 -1.698807 0.000021 -0.000074 0.149421 -0.429241 0.511883
    55 -1.566315 0.000017 0.000042 0.103108 -0.132848 1.105909
    56 -0.711685 -0.057610 -0.410448 0.066853 -0.215308 -0.019739
    57 -2.987783 0.000034 -0.000010 -0.037852 0.202162 1.203473
    58 -1.910938 -0.000069 0.000009 0.083447 0.010727 1.382197
    59 -1.280685 0.000078 -0.000007 0.004558 0.011465 0.555458
    60 -4.441406 -1.012695 -0.756836 -0.228803 -0.263295 2.876811
    61 3.828999 0.000004 0.000002 1.141641 -0.001820 -3.138759
    62 7.658009 0.000004 0.000000 0.712489 0.001141 3.138527
    63 3.865543 -0.000002 0.000004 3.014779 -0.003220 -3.141388
    64 7.731091 -0.000004 0.000008 3.078187 -0.002150 -3.141524
    65 -3.771385 0.913481 3.694230 0.030529 -0.278450 1.787302
    66 17.902937 -0.000001 0.000000 0.000000 0.000000 1.023404
    67 16.937243 0.000000 0.000001 -3.127776 0.301753 -1.018370
    68 6.329629 -0.000003 0.000000 -0.000049 0.000156 0.393578
    69 5.967648 0.000002 0.000000 0.167175 0.000000 0.000000
    70 11.935293 0.000001 0.000000 0.083587 0.000000 0.000000
    71 -3.771435 0.913481 -3.694230 1.432078 0.451460 2.180080
    72 17.902927 0.000000 0.000000 0.000000 1.292181 0.000000
    73 16.937195 0.000000 0.000000 2.989722 1.233056 2.122876
    74 -6.329633 -0.000003 0.000002 -0.000098 0.000689 0.363193
    75 5.967648 0.000001 0.000000 1.523163 -0.002020 -3.139474
    76 11.935293 -0.000001 0.000000 1.546978 -0.002278 -3.139260
    77 0.000000 1.000000 -0.000002 0.000000 0.000000 0.000000
    78 0.000001 1.000000 0.000000 0.000000 0.000000 0.000000
    79 1.000000 0.000002 0.000000 0.000000 0.000000 0.000000
    80 -4.440264 -6.353600 -5.421589 -0.130881 0.227548 2.823843
    81 -4.440269 -6.353603 -5.421588 -0.130881 0.227548 2.823843
    82 -4.440266 -6.353603 -5.421586 -0.130881 0.227548 2.823843
    83 -4.440262 -6.353600 -5.421586 -0.130881 0.227548 2.823843
    84 -6.999998 -2.000000 2.500000 1.919862 0.000000 -1.570796
end
