// Created by Crowbar 0.74
version 1
nodes
  0 "pelvis" -1
  1 "lean_root" -1
  2 "cam_driver" -1
  3 "spine_0" 0
  4 "spine_1" 3
  5 "spine_2" 4
  6 "spine_3" 5
  7 "neck_0" 6
  8 "head_0" 7
  9 "clavicle_L" 6
  10 "arm_upper_L" 9
  11 "arm_lower_L" 10
  12 "hand_L" 11
  13 "finger_middle_meta_L" 12
  14 "finger_middle_0_L" 13
  15 "finger_middle_1_L" 14
  16 "finger_middle_2_L" 15
  17 "finger_pinky_meta_L" 12
  18 "finger_pinky_0_L" 17
  19 "finger_pinky_1_L" 18
  20 "finger_pinky_2_L" 19
  21 "finger_index_meta_L" 12
  22 "finger_index_0_L" 21
  23 "finger_index_1_L" 22
  24 "finger_index_2_L" 23
  25 "finger_thumb_0_L" 12
  26 "finger_thumb_1_L" 25
  27 "finger_thumb_2_L" 26
  28 "finger_ring_meta_L" 12
  29 "finger_ring_0_L" 28
  30 "finger_ring_1_L" 29
  31 "finger_ring_2_L" 30
  32 "weapon_hand_L" 12
  33 "arm_lower_L_TWIST" 11
  34 "arm_lower_L_TWIST1" 11
  35 "arm_upper_L_TWIST" 10
  36 "arm_upper_L_TWIST1" 10
  37 "clavicle_R" 6
  38 "arm_upper_R" 37
  39 "arm_lower_R" 38
  40 "hand_R" 39
  41 "finger_middle_meta_R" 40
  42 "finger_middle_0_R" 41
  43 "finger_middle_1_R" 42
  44 "finger_middle_2_R" 43
  45 "finger_pinky_meta_R" 40
  46 "finger_pinky_0_R" 45
  47 "finger_pinky_1_R" 46
  48 "finger_pinky_2_R" 47
  49 "finger_index_meta_R" 40
  50 "finger_index_0_R" 49
  51 "finger_index_1_R" 50
  52 "finger_index_2_R" 51
  53 "finger_thumb_0_R" 40
  54 "finger_thumb_1_R" 53
  55 "finger_thumb_2_R" 54
  56 "finger_ring_meta_R" 40
  57 "finger_ring_0_R" 56
  58 "finger_ring_1_R" 57
  59 "finger_ring_2_R" 58
  60 "weapon_hand_R" 40
  61 "arm_lower_R_TWIST" 39
  62 "arm_lower_R_TWIST1" 39
  63 "arm_upper_R_TWIST" 38
  64 "arm_upper_R_TWIST1" 38
  65 "leg_upper_L" 0
  66 "leg_lower_L" 65
  67 "ankle_L" 66
  68 "ball_L" 67
  69 "leg_upper_L_TWIST" 65
  70 "leg_upper_L_TWIST1" 65
  71 "leg_upper_R" 0
  72 "leg_lower_R" 71
  73 "ankle_R" 72
  74 "ball_R" 73
  75 "leg_upper_R_TWIST" 71
  76 "leg_upper_R_TWIST1" 71
  77 "lfoot_lock" 68
  78 "rfoot_lock" 74
  79 "lh_ik_driver" 12
  80 "ValveBiped.weapon_bone" 40
  81 "ValveBiped.weapon_bone" 40
  82 "ValveBiped.weapon_bone" 40
  83 "ValveBiped.weapon_bone" 40
  84 "ValveBiped.weapon_bone" 40
end
skeleton
  time 0
    0 5.433594 1.635742 36.218750 1.904497 -1.481723 1.047462
    1 0.000000 0.000000 0.000000 0.000000 0.000000 -1.570796
    2 0.000000 0.000000 64.000000 0.000000 0.000000 -1.570796
    3 0.934204 0.090506 0.000000 0.020080 0.048020 0.293448
    4 3.886719 -0.000001 -0.000001 0.016549 -0.011614 0.065791
    5 4.597656 -0.000001 0.000000 0.003825 -0.093581 0.102699
    6 6.562500 0.000002 0.000000 0.030484 -0.033055 0.206320
    7 6.617188 -0.000019 0.000000 -0.050856 -0.101111 0.173022
    8 4.640625 -0.333008 0.497803 0.929646 -0.005549 -0.524927
    9 4.311546 3.005295 1.270492 1.518668 -1.027303 -2.070083
    10 6.665431 -0.000001 0.000004 -0.216512 -1.210836 0.791564
    11 11.596657 0.000000 0.000004 0.000000 0.000000 1.796147
    12 11.486958 0.000000 0.000000 1.817308 0.905491 0.084667
    13 0.807848 0.015446 -0.224507 0.103565 -0.098441 -0.078206
    14 3.265085 0.000000 0.000000 -0.240246 0.141465 0.883660
    15 2.075729 0.000000 0.000000 -0.116664 0.091356 1.200648
    16 1.413418 0.000000 0.000000 -0.092394 0.028858 0.869271
    17 0.562845 0.124916 0.989242 -0.024506 -0.310887 0.116906
    18 2.704880 0.000004 0.000000 -0.245612 0.305466 0.681475
    19 1.511139 0.000000 0.000000 -0.147069 -0.107643 0.922064
    20 0.872662 -0.000002 0.000000 -0.145704 -0.104681 0.909671
    21 0.802790 0.214909 -0.873657 0.211404 0.053247 -0.065452
    22 3.290375 -0.000008 -0.000001 -0.336624 0.046092 0.729304
    23 1.995686 0.000002 0.000000 -0.045330 0.095916 1.227738
    24 1.269020 0.000002 0.000000 -0.037427 0.095427 1.227754
    25 1.423082 0.741592 -1.176399 1.965403 0.377885 0.696254
    26 1.698860 0.000000 -0.000002 -0.013088 -0.031525 0.282371
    27 1.566334 0.000003 0.000004 -0.035777 -0.069279 0.640435
    28 0.711742 0.057613 0.410461 0.066852 -0.215308 -0.019739
    29 2.987720 0.000004 0.000000 -0.128907 0.277590 0.971383
    30 1.910923 0.000002 0.000000 -0.100391 0.072421 1.024304
    31 1.280708 0.000000 0.000000 -0.146545 0.063972 0.954520
    32 2.790770 1.123615 0.295328 0.000000 0.000000 -3.141593
    33 3.828991 -0.000002 -0.000004 0.127262 0.000000 0.000000
    34 7.657978 -0.000001 -0.000004 0.254526 0.000000 0.000000
    35 3.865551 0.000000 0.000000 0.897790 0.000000 0.000000
    36 7.731106 0.000005 0.000000 0.448894 0.000000 0.000000
    37 4.311554 3.005295 -1.270490 -2.173722 -1.507308 -1.175294
    38 -6.665440 -0.000003 -0.000004 -2.946840 0.612909 -1.811884
    39 11.596647 -0.000001 0.000000 -1.570802 0.000008 -1.664515
    40 11.486992 0.000004 0.000000 2.521609 -0.227519 -2.888327
    41 -0.807779 -0.015434 0.224528 0.103566 -0.098441 -0.078206
    42 -3.265091 -0.000004 -0.000001 -0.062563 0.061464 0.964626
    43 -2.075771 0.000034 -0.000016 -0.070633 0.053306 1.171489
    44 -1.413406 0.000010 -0.000004 -0.062690 0.028785 1.159464
    45 -0.562851 -0.124878 -0.989245 0.006103 -0.338144 0.067465
    46 -2.704903 -0.000004 0.000000 -0.178803 0.126103 0.352766
    47 -1.511091 -0.000008 -0.000013 -0.156202 -0.134419 1.071134
    48 -0.872673 -0.000025 0.000009 -0.132036 -0.126783 0.887904
    49 -0.802757 -0.214920 0.873666 0.211275 0.040448 -0.068199
    50 -3.290358 0.000015 0.000001 -0.217387 -0.125769 0.328939
    51 -1.995712 0.000071 -0.000041 -0.051673 -0.027209 0.790329
    52 -1.268997 -0.000080 0.000054 -0.043923 0.051709 0.778832
    53 -1.423065 -0.741619 1.176403 1.741319 0.235286 0.938238
    54 -1.698807 0.000021 -0.000074 -0.051539 -0.090899 0.891034
    55 -1.566315 0.000017 0.000042 -0.035828 -0.072385 0.661191
    56 -0.711685 -0.057610 -0.410448 0.066853 -0.215308 -0.019739
    57 -2.987783 0.000034 -0.000010 0.008119 0.116177 0.751787
    58 -1.910938 -0.000069 0.000009 -0.058854 0.075215 1.263913
    59 -1.280685 0.000078 -0.000007 -0.080892 0.049163 0.933696
    60 -3.105469 -1.633789 0.517090 0.000614 0.427278 -3.138763
    61 3.828999 0.000004 0.000002 1.297532 -0.001457 -3.139671
    62 7.658009 0.000004 0.000000 1.024270 -0.001452 -3.139009
    63 3.865543 -0.000002 0.000004 -3.049712 -0.002992 3.141455
    64 7.731091 -0.000004 0.000008 -3.095654 -0.002623 3.141532
    65 -3.771385 0.913481 3.694230 0.080145 -0.190176 2.367023
    66 17.902937 -0.000001 0.000000 0.000000 0.000000 0.934414
    67 16.937243 0.000000 0.000001 3.135668 0.271035 -1.167688
    68 6.329629 -0.000003 0.000000 0.000000 0.000000 0.500448
    69 5.967648 0.000002 0.000000 -0.087386 0.000000 0.000000
    70 11.935293 0.000001 0.000000 -0.043693 0.000000 0.000000
    71 -3.771435 0.913481 -3.694230 2.242645 0.493251 -3.104787
    72 17.902927 0.000000 0.000000 0.000000 0.987915 0.000000
    73 16.937195 0.000000 0.000000 2.690147 1.429338 1.609185
    74 -6.329633 -0.000003 0.000002 0.000000 0.000000 0.500448
    75 5.967648 0.000001 0.000000 1.865646 0.002075 3.140054
    76 11.935293 -0.000001 0.000000 1.718221 0.001878 3.139973
    77 -0.000001 1.000000 0.000000 0.000000 0.000000 0.000000
    78 0.000000 1.000000 0.000000 0.000000 0.000000 0.000000
    79 1.000000 -0.000001 0.000000 0.000000 0.000000 0.000000
    80 -4.440264 -6.353600 -5.421589 -0.130881 0.227548 2.823843
    81 -4.440269 -6.353603 -5.421588 -0.130881 0.227548 2.823843
    82 -4.440266 -6.353603 -5.421586 -0.130881 0.227548 2.823843
    83 -4.440262 -6.353600 -5.421586 -0.130881 0.227548 2.823843
    84 -6.999998 -2.000000 2.500000 1.919862 0.000000 -1.570796
end
