// Created by Crowbar 0.74
version 1
nodes
  0 "pelvis" -1
  1 "lean_root" -1
  2 "cam_driver" -1
  3 "spine_0" 0
  4 "spine_1" 3
  5 "spine_2" 4
  6 "spine_3" 5
  7 "neck_0" 6
  8 "head_0" 7
  9 "clavicle_L" 6
  10 "arm_upper_L" 9
  11 "arm_lower_L" 10
  12 "hand_L" 11
  13 "finger_middle_meta_L" 12
  14 "finger_middle_0_L" 13
  15 "finger_middle_1_L" 14
  16 "finger_middle_2_L" 15
  17 "finger_pinky_meta_L" 12
  18 "finger_pinky_0_L" 17
  19 "finger_pinky_1_L" 18
  20 "finger_pinky_2_L" 19
  21 "finger_index_meta_L" 12
  22 "finger_index_0_L" 21
  23 "finger_index_1_L" 22
  24 "finger_index_2_L" 23
  25 "finger_thumb_0_L" 12
  26 "finger_thumb_1_L" 25
  27 "finger_thumb_2_L" 26
  28 "finger_ring_meta_L" 12
  29 "finger_ring_0_L" 28
  30 "finger_ring_1_L" 29
  31 "finger_ring_2_L" 30
  32 "weapon_hand_L" 12
  33 "arm_lower_L_TWIST" 11
  34 "arm_lower_L_TWIST1" 11
  35 "arm_upper_L_TWIST" 10
  36 "arm_upper_L_TWIST1" 10
  37 "clavicle_R" 6
  38 "arm_upper_R" 37
  39 "arm_lower_R" 38
  40 "hand_R" 39
  41 "finger_middle_meta_R" 40
  42 "finger_middle_0_R" 41
  43 "finger_middle_1_R" 42
  44 "finger_middle_2_R" 43
  45 "finger_pinky_meta_R" 40
  46 "finger_pinky_0_R" 45
  47 "finger_pinky_1_R" 46
  48 "finger_pinky_2_R" 47
  49 "finger_index_meta_R" 40
  50 "finger_index_0_R" 49
  51 "finger_index_1_R" 50
  52 "finger_index_2_R" 51
  53 "finger_thumb_0_R" 40
  54 "finger_thumb_1_R" 53
  55 "finger_thumb_2_R" 54
  56 "finger_ring_meta_R" 40
  57 "finger_ring_0_R" 56
  58 "finger_ring_1_R" 57
  59 "finger_ring_2_R" 58
  60 "weapon_hand_R" 40
  61 "arm_lower_R_TWIST" 39
  62 "arm_lower_R_TWIST1" 39
  63 "arm_upper_R_TWIST" 38
  64 "arm_upper_R_TWIST1" 38
  65 "leg_upper_L" 0
  66 "leg_lower_L" 65
  67 "ankle_L" 66
  68 "ball_L" 67
  69 "leg_upper_L_TWIST" 65
  70 "leg_upper_L_TWIST1" 65
  71 "leg_upper_R" 0
  72 "leg_lower_R" 71
  73 "ankle_R" 72
  74 "ball_R" 73
  75 "leg_upper_R_TWIST" 71
  76 "leg_upper_R_TWIST1" 71
  77 "lfoot_lock" 68
  78 "rfoot_lock" 74
  79 "lh_ik_driver" 12
  80 "ValveBiped.weapon_bone" 40
  81 "ValveBiped.weapon_bone" 40
  82 "ValveBiped.weapon_bone" 40
  83 "ValveBiped.weapon_bone" 40
  84 "ValveBiped.weapon_bone" 40
end
skeleton
  time 0
    0 7.925781 -0.879395 36.593750 -2.269688 -1.503050 -2.024413
    1 0.000000 0.000000 0.000000 0.000000 0.000000 -1.570796
    2 0.000000 0.000000 64.000000 0.000000 0.000000 -1.570796
    3 0.934204 0.090506 0.000000 -0.046367 -0.104080 0.317224
    4 3.906250 0.000000 -0.000001 -0.292358 -0.022934 0.243585
    5 4.535156 0.000002 0.000003 -0.263773 -0.017009 0.190278
    6 6.601563 0.000000 -0.000002 -0.175718 0.044229 0.336238
    7 6.589844 -0.000015 0.000000 -0.034055 -0.061903 0.237554
    8 4.929688 -0.033173 0.323975 0.488790 -0.002255 -0.235799
    9 4.311546 3.005295 1.270492 2.395160 -1.298326 -2.548426
    10 6.665431 -0.000001 0.000004 -0.216591 -1.025817 0.746698
    11 11.596657 0.000000 0.000004 0.000000 0.000000 1.526156
    12 11.486958 0.000000 0.000000 1.256793 0.817341 -0.204246
    13 0.807848 0.015446 -0.224507 0.103565 -0.098441 -0.078206
    14 3.265085 0.000000 0.000000 -0.240246 0.141465 0.883660
    15 2.075729 0.000000 0.000000 -0.116664 0.091356 1.200648
    16 1.413418 0.000000 0.000000 -0.092395 0.028857 0.869271
    17 0.562845 0.124916 0.989242 -0.024506 -0.310887 0.116906
    18 2.704880 0.000004 0.000000 -0.245612 0.305466 0.681475
    19 1.511139 0.000000 0.000000 -0.147069 -0.107643 0.922064
    20 0.872662 -0.000002 0.000000 -0.145704 -0.104681 0.909671
    21 0.802790 0.214909 -0.873657 0.211404 0.053247 -0.065452
    22 3.290375 -0.000008 -0.000001 -0.336625 0.046090 0.729304
    23 1.995686 0.000002 0.000000 -0.045330 0.095916 1.227738
    24 1.269020 0.000002 0.000000 -0.037427 0.095427 1.227754
    25 1.423082 0.741592 -1.176399 1.965403 0.377887 0.696253
    26 1.698860 0.000000 -0.000002 -0.013088 -0.031525 0.282371
    27 1.566334 0.000003 0.000004 -0.035777 -0.069279 0.640435
    28 0.711742 0.057613 0.410461 0.066852 -0.215308 -0.019739
    29 2.987720 0.000004 0.000000 -0.128907 0.277590 0.971383
    30 1.910923 0.000002 0.000000 -0.100391 0.072421 1.024304
    31 1.280708 0.000000 0.000000 -0.146545 0.063972 0.954520
    32 2.790770 1.123615 0.295328 0.000000 0.000000 -3.141593
    33 3.828991 -0.000002 -0.000004 -0.043773 0.000000 0.000000
    34 7.657978 -0.000001 -0.000004 -0.087547 0.000000 0.000000
    35 3.865551 0.000000 0.000000 0.383736 0.000000 0.000000
    36 7.731106 0.000005 0.000000 0.191868 0.000000 0.000000
    37 4.311554 3.005295 -1.270490 0.323074 -1.387754 2.738358
    38 -6.665440 -0.000003 -0.000004 -2.787143 0.921174 -1.748376
    39 11.596647 -0.000001 0.000000 -1.570800 0.000010 -1.593313
    40 11.486992 0.000004 0.000000 2.645329 0.065822 -2.901793
    41 -0.807779 -0.015434 0.224528 0.103566 -0.098441 -0.078206
    42 -3.265091 -0.000004 -0.000001 -0.062563 0.061464 0.964626
    43 -2.075771 0.000034 -0.000016 -0.070633 0.053306 1.171489
    44 -1.413406 0.000010 -0.000004 -0.062691 0.028783 1.159466
    45 -0.562851 -0.124878 -0.989245 0.006103 -0.338144 0.067465
    46 -2.704903 -0.000004 0.000000 -0.178805 0.126104 0.352766
    47 -1.511091 -0.000008 -0.000013 -0.156202 -0.134419 1.071134
    48 -0.872673 -0.000025 0.000009 -0.132036 -0.126783 0.887904
    49 -0.802757 -0.214920 0.873666 0.211275 0.040448 -0.068199
    50 -3.290358 0.000015 0.000001 -0.217387 -0.125769 0.328939
    51 -1.995712 0.000071 -0.000041 -0.051673 -0.027209 0.790329
    52 -1.268997 -0.000080 0.000054 -0.043923 0.051709 0.778830
    53 -1.423065 -0.741619 1.176403 1.741319 0.235286 0.938238
    54 -1.698807 0.000021 -0.000074 -0.051539 -0.090899 0.891034
    55 -1.566315 0.000017 0.000042 -0.035828 -0.072385 0.661191
    56 -0.711685 -0.057610 -0.410448 0.066853 -0.215308 -0.019739
    57 -2.987783 0.000034 -0.000010 0.008119 0.116177 0.751787
    58 -1.910938 -0.000069 0.000009 -0.058854 0.075215 1.263913
    59 -1.280685 0.000078 -0.000007 -0.080892 0.049163 0.933696
    60 -3.105469 -1.633789 0.517090 -0.000682 0.427276 3.138451
    61 3.828999 0.000004 0.000002 1.358586 -0.001816 -3.139344
    62 7.658009 0.000004 0.000000 1.146378 -0.001687 -3.138978
    63 3.865543 -0.000002 0.000004 2.869837 -0.002112 -3.141304
    64 7.731091 -0.000004 0.000008 3.005715 -0.003371 -3.141363
    65 -3.771385 0.913481 3.694230 -0.394060 -0.616304 2.557369
    66 17.902937 -0.000001 0.000000 0.000000 0.000000 1.081286
    67 16.937243 0.000000 0.000001 2.884800 -0.024436 -1.401542
    68 6.329629 -0.000003 0.000000 0.000000 0.000000 0.500448
    69 5.967648 0.000002 0.000000 0.321682 0.000000 0.000000
    70 11.935293 0.000001 0.000000 0.160841 0.000000 0.000000
    71 -3.771435 0.913481 -3.694230 1.574854 0.388612 2.501012
    72 17.902927 0.000000 0.000000 0.000000 0.894467 0.000000
    73 16.937195 0.000000 0.000000 -1.066790 1.282842 -2.340316
    74 -6.329633 -0.000003 0.000002 0.000000 0.000000 0.500448
    75 5.967648 0.000001 0.000000 1.526117 -0.001694 -3.139821
    76 11.935293 -0.000001 0.000000 1.548455 -0.002058 -3.139488
    77 0.000000 1.000000 -0.000001 0.000000 0.000000 0.000000
    78 0.000000 1.000000 0.000001 0.000000 0.000000 0.000000
    79 1.000000 0.000000 0.000000 0.000000 0.000000 0.000000
    80 -4.440264 -6.353600 -5.421589 -0.130881 0.227548 2.823843
    81 -4.440269 -6.353603 -5.421588 -0.130881 0.227548 2.823843
    82 -4.440266 -6.353603 -5.421586 -0.130881 0.227548 2.823843
    83 -4.440262 -6.353600 -5.421586 -0.130881 0.227548 2.823843
    84 -6.999998 -2.000000 2.500000 1.919862 0.000000 -1.570796
end
