// Created by Crowbar 0.74
version 1
nodes
  0 "pelvis" -1
  1 "lean_root" -1
  2 "cam_driver" -1
  3 "spine_0" 0
  4 "spine_1" 3
  5 "spine_2" 4
  6 "spine_3" 5
  7 "neck_0" 6
  8 "head_0" 7
  9 "clavicle_L" 6
  10 "arm_upper_L" 9
  11 "arm_lower_L" 10
  12 "hand_L" 11
  13 "finger_middle_meta_L" 12
  14 "finger_middle_0_L" 13
  15 "finger_middle_1_L" 14
  16 "finger_middle_2_L" 15
  17 "finger_pinky_meta_L" 12
  18 "finger_pinky_0_L" 17
  19 "finger_pinky_1_L" 18
  20 "finger_pinky_2_L" 19
  21 "finger_index_meta_L" 12
  22 "finger_index_0_L" 21
  23 "finger_index_1_L" 22
  24 "finger_index_2_L" 23
  25 "finger_thumb_0_L" 12
  26 "finger_thumb_1_L" 25
  27 "finger_thumb_2_L" 26
  28 "finger_ring_meta_L" 12
  29 "finger_ring_0_L" 28
  30 "finger_ring_1_L" 29
  31 "finger_ring_2_L" 30
  32 "weapon_hand_L" 12
  33 "arm_lower_L_TWIST" 11
  34 "arm_lower_L_TWIST1" 11
  35 "arm_upper_L_TWIST" 10
  36 "arm_upper_L_TWIST1" 10
  37 "clavicle_R" 6
  38 "arm_upper_R" 37
  39 "arm_lower_R" 38
  40 "hand_R" 39
  41 "finger_middle_meta_R" 40
  42 "finger_middle_0_R" 41
  43 "finger_middle_1_R" 42
  44 "finger_middle_2_R" 43
  45 "finger_pinky_meta_R" 40
  46 "finger_pinky_0_R" 45
  47 "finger_pinky_1_R" 46
  48 "finger_pinky_2_R" 47
  49 "finger_index_meta_R" 40
  50 "finger_index_0_R" 49
  51 "finger_index_1_R" 50
  52 "finger_index_2_R" 51
  53 "finger_thumb_0_R" 40
  54 "finger_thumb_1_R" 53
  55 "finger_thumb_2_R" 54
  56 "finger_ring_meta_R" 40
  57 "finger_ring_0_R" 56
  58 "finger_ring_1_R" 57
  59 "finger_ring_2_R" 58
  60 "weapon_hand_R" 40
  61 "arm_lower_R_TWIST" 39
  62 "arm_lower_R_TWIST1" 39
  63 "arm_upper_R_TWIST" 38
  64 "arm_upper_R_TWIST1" 38
  65 "leg_upper_L" 0
  66 "leg_lower_L" 65
  67 "ankle_L" 66
  68 "ball_L" 67
  69 "leg_upper_L_TWIST" 65
  70 "leg_upper_L_TWIST1" 65
  71 "leg_upper_R" 0
  72 "leg_lower_R" 71
  73 "ankle_R" 72
  74 "ball_R" 73
  75 "leg_upper_R_TWIST" 71
  76 "leg_upper_R_TWIST1" 71
  77 "lfoot_lock" 68
  78 "rfoot_lock" 74
  79 "lh_ik_driver" 12
  80 "ValveBiped.weapon_bone" 40
  81 "ValveBiped.weapon_bone" 40
  82 "ValveBiped.weapon_bone" 40
  83 "ValveBiped.weapon_bone" 40
  84 "ValveBiped.weapon_bone" 40
end
skeleton
  time 0
    0 6.734375 0.598633 36.437500 -1.925712 -1.518868 -1.955764
    1 0.000000 0.000000 0.000000 0.000000 0.000000 -1.570796
    2 0.000000 0.000000 64.000000 0.000000 0.000000 -1.570796
    3 0.934204 0.090506 0.000000 -0.073174 -0.125337 0.427530
    4 3.820313 -0.000002 0.000000 0.027990 -0.097207 0.189224
    5 4.570313 0.000000 0.000000 0.080204 -0.090740 0.095067
    6 6.628906 -0.000010 -0.000001 0.097641 -0.036881 0.282605
    7 6.617188 -0.000011 0.000000 -0.079434 -0.110859 0.312599
    8 5.460938 0.371826 0.658203 0.186674 -0.101372 -0.135025
    9 4.311546 3.005295 1.270492 2.652720 -1.364087 -2.798112
    10 6.665431 -0.000001 0.000004 -0.480717 -0.962644 1.292001
    11 11.596657 0.000000 0.000004 0.000000 0.000000 1.399625
    12 11.486958 0.000000 0.000000 0.948062 0.709075 -0.368329
    13 0.807848 0.015446 -0.224507 0.103565 -0.098441 -0.078206
    14 3.265085 0.000000 0.000000 -0.240247 0.141463 0.883662
    15 2.075729 0.000000 0.000000 -0.116664 0.091356 1.200648
    16 1.413418 0.000000 0.000000 -0.092394 0.028858 0.869269
    17 0.562845 0.124916 0.989242 -0.024508 -0.310887 0.116907
    18 2.704880 0.000004 0.000000 -0.245612 0.305466 0.681475
    19 1.511139 0.000000 0.000000 -0.147071 -0.107643 0.922064
    20 0.872662 -0.000002 0.000000 -0.145704 -0.104681 0.909671
    21 0.802790 0.214909 -0.873657 0.211404 0.053247 -0.065452
    22 3.290375 -0.000008 -0.000001 -0.336625 0.046090 0.729304
    23 1.995686 0.000002 0.000000 -0.045330 0.095916 1.227738
    24 1.269020 0.000002 0.000000 -0.037429 0.095428 1.227754
    25 1.423082 0.741592 -1.176399 1.965405 0.377886 0.696256
    26 1.698860 0.000000 -0.000002 -0.013088 -0.031525 0.282371
    27 1.566334 0.000003 0.000004 -0.035775 -0.069280 0.640436
    28 0.711742 0.057613 0.410461 0.066852 -0.215308 -0.019739
    29 2.987720 0.000004 0.000000 -0.128907 0.277590 0.971383
    30 1.910923 0.000002 0.000000 -0.100391 0.072421 1.024304
    31 1.280708 0.000000 0.000000 -0.146545 0.063972 0.954520
    32 2.790770 1.123615 0.295328 0.000000 0.000000 -3.141593
    33 3.828991 -0.000002 -0.000004 -0.148373 0.000000 0.000000
    34 7.657978 -0.000001 -0.000004 -0.296747 0.000000 0.000000
    35 3.865551 0.000000 0.000000 0.367621 0.000000 0.000000
    36 7.731106 0.000005 0.000000 0.183810 0.000000 0.000000
    37 4.311554 3.005295 -1.270490 0.640869 -1.264469 2.430777
    38 -6.665440 -0.000003 -0.000004 -2.489011 1.166408 -1.786304
    39 11.596647 -0.000001 0.000000 -1.570804 0.000010 -1.986003
    40 11.486992 0.000004 0.000000 3.038631 0.500700 -2.969704
    41 -0.807779 -0.015434 0.224528 0.103566 -0.098441 -0.078206
    42 -3.265091 -0.000004 -0.000001 -0.062563 0.061464 0.964626
    43 -2.075771 0.000034 -0.000016 -0.070633 0.053306 1.171489
    44 -1.413406 0.000010 -0.000004 -0.062690 0.028785 1.159466
    45 -0.562851 -0.124878 -0.989245 0.006103 -0.338144 0.067465
    46 -2.704903 -0.000004 0.000000 -0.178805 0.126104 0.352766
    47 -1.511091 -0.000008 -0.000013 -0.156202 -0.134419 1.071134
    48 -0.872673 -0.000025 0.000009 -0.132036 -0.126783 0.887904
    49 -0.802757 -0.214920 0.873666 0.211275 0.040446 -0.068199
    50 -3.290358 0.000015 0.000001 -0.217387 -0.125769 0.328939
    51 -1.995712 0.000071 -0.000041 -0.051674 -0.027210 0.790329
    52 -1.268997 -0.000080 0.000054 -0.043923 0.051709 0.778832
    53 -1.423065 -0.741619 1.176403 1.741319 0.235286 0.938238
    54 -1.698807 0.000021 -0.000074 -0.051539 -0.090899 0.891034
    55 -1.566315 0.000017 0.000042 -0.035828 -0.072385 0.661191
    56 -0.711685 -0.057610 -0.410448 0.066853 -0.215308 -0.019739
    57 -2.987783 0.000034 -0.000010 0.008119 0.116177 0.751787
    58 -1.910938 -0.000069 0.000009 -0.058854 0.075214 1.263911
    59 -1.280685 0.000078 -0.000007 -0.080892 0.049163 0.933696
    60 -3.105469 -1.633789 0.517090 -0.000682 0.427276 3.138451
    61 3.828999 0.000004 0.000002 1.559659 -0.002381 -3.139185
    62 7.658009 0.000004 0.000000 1.548525 -0.002401 -3.139137
    63 3.865543 -0.000002 0.000004 3.109561 -0.002791 -3.141548
    64 7.731091 -0.000004 0.000008 3.125578 -0.002600 -3.141572
    65 -3.771385 0.913481 3.694230 -0.151376 -0.453582 2.375666
    66 17.902937 -0.000001 0.000000 0.000000 0.000000 1.018632
    67 16.937243 0.000000 0.000001 2.981488 0.105723 -1.303350
    68 6.329629 -0.000003 0.000000 0.000000 0.000000 0.500448
    69 5.967648 0.000002 0.000000 0.158920 0.000000 0.000000
    70 11.935293 0.000001 0.000000 0.079458 0.000000 0.000000
    71 -3.771435 0.913481 -3.694230 1.777935 0.489507 2.685320
    72 17.902927 0.000000 0.000000 0.000000 0.998176 0.000000
    73 16.937195 0.000000 0.000000 -1.756345 1.495592 -2.942318
    74 -6.329633 -0.000003 0.000002 0.000000 0.000000 0.500448
    75 5.967648 0.000001 0.000000 1.646025 0.001816 3.139909
    76 11.935293 -0.000001 0.000000 1.608410 0.002264 3.139413
    77 -0.000001 1.000000 -0.000001 0.000000 0.000000 0.000000
    78 0.000000 1.000000 -0.000001 0.000000 0.000000 0.000000
    79 1.000000 0.000000 0.000000 0.000000 0.000000 0.000000
    80 -4.440264 -6.353600 -5.421589 -0.130881 0.227548 2.823843
    81 -4.440269 -6.353603 -5.421588 -0.130881 0.227548 2.823843
    82 -4.440266 -6.353603 -5.421586 -0.130881 0.227548 2.823843
    83 -4.440262 -6.353600 -5.421586 -0.130881 0.227548 2.823843
    84 -6.999998 -2.000000 2.500000 1.919862 0.000000 -1.570796
end
